                * c:\users\vansh\esim-workspace\opamp\opamp.cir
                Transient Analysis  Sat Oct 08 21:44:16  2022
--------------------------------------------------------------------------------
Index   time            v1#branch       v2#branch       v3#branch       
--------------------------------------------------------------------------------
0	0.000000e+00	0.000000e+00	0.000000e+00	-1.35414e-11	
1	1.000000e-06	7.014831e-18	1.927315e-17	-1.35414e-11	
2	2.000000e-06	4.720297e-18	1.287163e-17	-1.35414e-11	
3	4.000000e-06	7.438899e-18	2.044478e-17	-1.35414e-11	
4	8.000000e-06	4.947280e-19	1.070355e-18	-1.35414e-11	
5	1.600000e-05	6.655795e-18	1.823304e-17	-1.35415e-11	
6	3.200000e-05	2.231152e-18	5.851083e-18	-1.35414e-11	
7	6.400000e-05	-1.71930e-18	-5.16264e-18	-1.35415e-11	
8	1.000000e-04	-5.29854e-19	-1.81195e-18	-1.35415e-11	
9	1.064000e-04	1.748013e-14	-5.43918e-14	-1.35328e-11	
10	1.192000e-04	1.655201e-14	-5.71108e-14	-1.35278e-11	
11	1.448000e-04	1.485536e-14	-6.20747e-14	-1.35186e-11	
12	1.960000e-04	1.198389e-14	-7.04201e-14	-1.35032e-11	
13	2.984000e-04	7.808032e-15	-8.23941e-14	-1.34812e-11	
14	5.032000e-04	3.259345e-15	-9.49870e-14	-1.34579e-11	
15	9.128000e-04	4.064248e-16	-1.01971e-13	-1.34442e-11	
16	1.732000e-03	-5.56063e-17	-1.01678e-13	-1.34432e-11	
17	2.732000e-03	-2.74157e-17	-1.00434e-13	-1.34437e-11	
18	3.732000e-03	-5.54434e-17	-9.93340e-14	-1.34443e-11	
19	4.732000e-03	-4.85108e-17	-9.81054e-14	-1.34452e-11	
20	5.732000e-03	-5.89835e-17	-9.68758e-14	-1.34462e-11	
21	6.732000e-03	-5.58129e-17	-9.55900e-14	-1.34474e-11	
22	7.732000e-03	-6.23050e-17	-9.42855e-14	-1.34485e-11	
23	8.732000e-03	-5.95737e-17	-9.29455e-14	-1.34497e-11	
24	9.732000e-03	-6.35547e-17	-9.15885e-14	-1.34510e-11	
25	1.073200e-02	-6.29100e-17	-9.02175e-14	-1.34522e-11	
26	1.173200e-02	-6.50020e-17	-8.88298e-14	-1.34537e-11	
27	1.273200e-02	-6.34987e-17	-8.74414e-14	-1.34550e-11	
28	1.373200e-02	-6.38651e-17	-8.60446e-14	-1.34563e-11	
29	1.473200e-02	-6.49197e-17	-8.46661e-14	-1.34577e-11	
30	1.573200e-02	-6.22577e-17	-8.32755e-14	-1.34590e-11	
31	1.673200e-02	-6.30698e-17	-8.19185e-14	-1.34604e-11	
32	1.773200e-02	-6.31344e-17	-8.05626e-14	-1.34617e-11	
33	1.873200e-02	-6.06285e-17	-7.92344e-14	-1.34629e-11	
34	1.973200e-02	-5.99992e-17	-7.79195e-14	-1.34642e-11	
35	2.073200e-02	-5.77833e-17	-7.66392e-14	-1.34654e-11	
36	2.173200e-02	-5.92885e-17	-7.53803e-14	-1.34666e-11	
37	2.273200e-02	-5.47151e-17	-7.41509e-14	-1.34679e-11	
38	2.373200e-02	-5.62462e-17	-7.29510e-14	-1.34691e-11	
39	2.473200e-02	-5.24734e-17	-7.17840e-14	-1.34702e-11	
40	2.573200e-02	-5.42703e-17	-7.06473e-14	-1.34714e-11	
41	2.673200e-02	-4.92146e-17	-6.95420e-14	-1.34724e-11	
42	2.773200e-02	-4.87324e-17	-6.84661e-14	-1.34735e-11	
43	2.873200e-02	-4.68620e-17	-6.74314e-14	-1.34745e-11	
44	2.973200e-02	-4.69284e-17	-6.64207e-14	-1.34755e-11	
45	3.073200e-02	-4.34797e-17	-6.54472e-14	-1.34764e-11	
46	3.173200e-02	-4.54871e-17	-6.45029e-14	-1.34774e-11	
47	3.273200e-02	-3.91364e-17	-6.35865e-14	-1.34784e-11	
48	3.373200e-02	-4.28390e-17	-6.27058e-14	-1.34792e-11	
49	3.473200e-02	-3.63529e-17	-6.18482e-14	-1.34800e-11	
50	3.573200e-02	-3.93467e-17	-6.10239e-14	-1.34809e-11	
51	3.673200e-02	-3.53097e-17	-6.02260e-14	-1.34817e-11	
52	3.773200e-02	-3.59384e-17	-5.94520e-14	-1.34824e-11	
53	3.873200e-02	-3.38118e-17	-5.87094e-14	-1.34832e-11	
54	3.973200e-02	-3.41349e-17	-5.79853e-14	-1.34839e-11	

Index   time            v1#branch       v2#branch       v3#branch       
--------------------------------------------------------------------------------
55	4.073200e-02	-3.07623e-17	-5.72895e-14	-1.34845e-11	
56	4.173200e-02	-3.17211e-17	-5.66134e-14	-1.34853e-11	
57	4.273200e-02	-2.85809e-17	-5.59631e-14	-1.34859e-11	
58	4.373200e-02	-3.00839e-17	-5.53311e-14	-1.34865e-11	
59	4.473200e-02	-2.61781e-17	-5.47214e-14	-1.34871e-11	
60	4.573200e-02	-2.91019e-17	-5.41315e-14	-1.34878e-11	
61	4.673200e-02	-2.46998e-17	-5.35596e-14	-1.34883e-11	
62	4.773200e-02	-2.52246e-17	-5.30036e-14	-1.34889e-11	
63	4.873200e-02	-2.40423e-17	-5.24717e-14	-1.34894e-11	
64	4.973200e-02	-2.50173e-17	-5.19501e-14	-1.34900e-11	
65	5.073200e-02	-2.25717e-17	-5.14493e-14	-1.34904e-11	
66	5.173200e-02	-2.11590e-17	-5.09563e-14	-1.34910e-11	
67	5.273200e-02	-2.20471e-17	-5.04901e-14	-1.34914e-11	
68	5.373200e-02	-2.15055e-17	-5.00270e-14	-1.34918e-11	
69	5.473200e-02	-1.93027e-17	-4.95849e-14	-1.34922e-11	
70	5.573200e-02	-2.10916e-17	-4.91517e-14	-1.34927e-11	
71	5.673200e-02	-1.68455e-17	-4.87329e-14	-1.34932e-11	
72	5.773200e-02	-1.89871e-17	-4.83252e-14	-1.34935e-11	
73	5.873200e-02	-1.65628e-17	-4.79324e-14	-1.34938e-11	
74	5.973200e-02	-1.70996e-17	-4.75458e-14	-1.34943e-11	
75	6.073200e-02	-1.47346e-17	-4.71755e-14	-1.34947e-11	
76	6.173200e-02	-1.44817e-17	-4.68095e-14	-1.34950e-11	
77	6.273200e-02	-1.31768e-17	-4.64613e-14	-1.34954e-11	
78	6.373200e-02	-1.28953e-17	-4.61153e-14	-1.34958e-11	
79	6.473200e-02	-9.84132e-18	-4.57845e-14	-1.34961e-11	
80	6.573200e-02	-9.22877e-18	-4.54572e-14	-1.34964e-11	
81	6.673200e-02	-6.60011e-18	-4.51453e-14	-1.34967e-11	
82	6.773200e-02	-2.94250e-18	-4.48324e-14	-1.34969e-11	
83	6.873200e-02	-1.78774e-18	-4.45397e-14	-1.34973e-11	
84	6.973200e-02	3.362086e-18	-4.42421e-14	-1.34976e-11	
85	7.073200e-02	1.070843e-17	-4.39596e-14	-1.34978e-11	
86	7.173200e-02	1.421616e-17	-4.36805e-14	-1.34981e-11	
87	7.273200e-02	2.672381e-17	-4.34086e-14	-1.34983e-11	
88	7.373200e-02	3.413050e-17	-4.31418e-14	-1.34986e-11	
89	7.473200e-02	5.104207e-17	-4.28814e-14	-1.34989e-11	
90	7.573200e-02	6.823294e-17	-4.26206e-14	-1.34991e-11	
91	7.673200e-02	9.146897e-17	-4.23704e-14	-1.34992e-11	
92	7.773200e-02	1.217317e-16	-4.21130e-14	-1.34995e-11	
93	7.873200e-02	1.598805e-16	-4.18650e-14	-1.34997e-11	
94	7.973200e-02	2.081511e-16	-4.16074e-14	-1.34999e-11	
95	8.073200e-02	2.736729e-16	-4.13508e-14	-1.35001e-11	
96	8.173200e-02	3.515135e-16	-4.10840e-14	-1.35002e-11	
97	8.273200e-02	4.600300e-16	-4.08063e-14	-1.35003e-11	
98	8.373200e-02	5.881306e-16	-4.05138e-14	-1.35005e-11	
99	8.473200e-02	7.626436e-16	-4.01975e-14	-1.35006e-11	
100	8.573200e-02	9.780736e-16	-3.98488e-14	-1.35006e-11	
101	8.673200e-02	1.253317e-15	-3.94677e-14	-1.35004e-11	
102	8.773200e-02	1.601186e-15	-3.90280e-14	-1.35003e-11	
103	8.873200e-02	2.046609e-15	-3.85258e-14	-1.34999e-11	
104	8.973200e-02	2.589876e-15	-3.79483e-14	-1.34994e-11	
105	9.073200e-02	3.279286e-15	-3.72693e-14	-1.34985e-11	
106	9.173200e-02	4.120679e-15	-3.64734e-14	-1.34973e-11	
107	9.273200e-02	5.146795e-15	-3.55508e-14	-1.34953e-11	
108	9.373200e-02	6.375515e-15	-3.44749e-14	-1.34922e-11	
109	9.473200e-02	7.829099e-15	-3.32480e-14	-1.34877e-11	
110	9.573200e-02	9.503020e-15	-3.18656e-14	-1.34811e-11	
111	9.673200e-02	1.139976e-14	-3.03491e-14	-1.34714e-11	
112	9.773200e-02	1.347827e-14	-2.87291e-14	-1.34574e-11	

Index   time            v1#branch       v2#branch       v3#branch       
--------------------------------------------------------------------------------
113	9.873200e-02	1.570534e-14	-2.70592e-14	-1.34378e-11	
114	9.973200e-02	1.800616e-14	-2.53983e-14	-1.34107e-11	
115	1.007320e-01	2.031372e-14	-2.38234e-14	-1.33745e-11	
116	1.017320e-01	2.255178e-14	-2.23775e-14	-1.33277e-11	
117	1.027320e-01	2.464859e-14	-2.11200e-14	-1.32695e-11	
118	1.037320e-01	2.656080e-14	-2.00423e-14	-1.31998e-11	
119	1.047320e-01	2.824789e-14	-1.91683e-14	-1.31197e-11	
120	1.057320e-01	2.970314e-14	-1.84655e-14	-1.30303e-11	
121	1.067320e-01	3.092377e-14	-1.79414e-14	-1.29338e-11	
122	1.077320e-01	3.193042e-14	-1.75567e-14	-1.28315e-11	
123	1.087320e-01	3.274740e-14	-1.73069e-14	-1.27250e-11	
124	1.097320e-01	3.340139e-14	-1.71553e-14	-1.26159e-11	
125	1.107320e-01	3.391757e-14	-1.71011e-14	-1.25055e-11	
126	1.117320e-01	3.432662e-14	-1.71052e-14	-1.23953e-11	
127	1.127320e-01	3.464322e-14	-1.71765e-14	-1.22869e-11	
128	1.137320e-01	3.488810e-14	-1.72841e-14	-1.21826e-11	
129	1.147320e-01	3.506370e-14	-1.74462e-14	-1.20870e-11	
130	1.157320e-01	3.516709e-14	-1.76516e-14	-1.20091e-11	
131	1.167320e-01	3.516096e-14	-1.79524e-14	-1.19696e-11	
132	1.177320e-01	3.493269e-14	-1.84357e-14	-1.20148e-11	
133	1.187320e-01	3.424250e-14	-1.93329e-14	-1.22535e-11	
134	1.197320e-01	3.241083e-14	-2.12400e-14	-1.29534e-11	
135	1.207320e-01	2.735950e-14	-2.60668e-14	-1.48572e-11	
136	1.217320e-01	1.258311e-14	-3.99393e-14	-2.00254e-11	
137	1.227320e-01	-3.52981e-14	-8.66467e-14	-3.54132e-11	
138	1.237320e-01	-4.81668e-13	-6.15678e-13	-3.10115e-10	
139	1.247320e-01	7.297421e-13	6.017843e-13	-3.70091e-11	
140	1.257320e-01	-7.73808e-13	-8.29029e-13	-1.16603e-10	
141	1.267320e-01	4.958354e-13	3.890555e-13	9.276216e-12	
142	1.277320e-01	-6.88413e-13	-7.52684e-13	-9.41972e-11	
143	1.287320e-01	5.231126e-13	4.232839e-13	2.228723e-11	
144	1.297320e-01	-6.56346e-13	-7.21955e-13	-8.59050e-11	
145	1.307320e-01	5.517072e-13	4.547705e-13	2.804508e-11	
146	1.317320e-01	-6.27788e-13	-6.88816e-13	-8.17615e-11	
147	1.327320e-01	5.774444e-13	4.865303e-13	3.112713e-11	
148	1.337320e-01	-6.05059e-13	-6.60987e-13	-7.94066e-11	
149	1.347320e-01	5.928376e-13	5.054685e-13	3.298286e-11	
150	1.357320e-01	-5.95621e-13	-6.50454e-13	-7.79092e-11	
151	1.367320e-01	5.972428e-13	5.095004e-13	3.421660e-11	
152	1.377320e-01	-5.93271e-13	-6.49810e-13	-7.68814e-11	
153	1.387320e-01	5.980586e-13	5.080250e-13	3.508268e-11	
154	1.397320e-01	-5.92802e-13	-6.52195e-13	-7.61468e-11	
155	1.407320e-01	5.979546e-13	5.048448e-13	3.571109e-11	
156	1.417320e-01	-5.92916e-13	-6.55636e-13	-7.56066e-11	
157	1.427320e-01	5.975920e-13	5.010912e-13	3.617851e-11	
158	1.437320e-01	-5.93206e-13	-6.59420e-13	-7.52010e-11	
159	1.447320e-01	5.971952e-13	4.972136e-13	3.653203e-11	
160	1.457320e-01	-5.93522e-13	-6.63242e-13	-7.48917e-11	
161	1.467320e-01	5.968369e-13	4.934044e-13	3.680332e-11	
162	1.477320e-01	-5.93812e-13	-6.66968e-13	-7.46530e-11	
163	1.487320e-01	5.965348e-13	4.897514e-13	3.701361e-11	
164	1.497320e-01	-5.94063e-13	-6.70529e-13	-7.44673e-11	
165	1.507320e-01	5.962878e-13	4.862976e-13	3.717794e-11	
166	1.517320e-01	-5.94274e-13	-6.73889e-13	-7.43214e-11	
167	1.527320e-01	5.960886e-13	4.830643e-13	3.730705e-11	
168	1.537320e-01	-5.94449e-13	-6.77033e-13	-7.42065e-11	
169	1.547320e-01	5.959293e-13	4.800613e-13	3.740920e-11	
170	1.557320e-01	-5.94593e-13	-6.79951e-13	-7.41153e-11	

Index   time            v1#branch       v2#branch       v3#branch       
--------------------------------------------------------------------------------
171	1.567320e-01	5.958023e-13	4.772903e-13	3.749026e-11	
172	1.577320e-01	-5.94712e-13	-6.82645e-13	-7.40427e-11	
173	1.587320e-01	5.957013e-13	4.747473e-13	3.755484e-11	
174	1.597320e-01	-5.94811e-13	-6.85118e-13	-7.39849e-11	
175	1.607320e-01	5.956213e-13	4.724258e-13	3.760645e-11	
176	1.617320e-01	-5.94892e-13	-6.87378e-13	-7.39384e-11	
177	1.627320e-01	5.955582e-13	4.703155e-13	3.764766e-11	
178	1.637320e-01	-5.94960e-13	-6.89435e-13	-7.39012e-11	
179	1.647320e-01	5.955084e-13	4.684035e-13	3.768081e-11	
180	1.657320e-01	-5.95017e-13	-6.91302e-13	-7.38712e-11	
181	1.667320e-01	5.954697e-13	4.666775e-13	3.770743e-11	
182	1.677320e-01	-5.95065e-13	-6.92993e-13	-7.38472e-11	
183	1.687320e-01	5.954398e-13	4.651233e-13	3.772883e-11	
184	1.697320e-01	-5.95106e-13	-6.94521e-13	-7.38277e-11	
185	1.707320e-01	5.954163e-13	4.637235e-13	3.774593e-11	
186	1.717320e-01	-5.95141e-13	-6.95901e-13	-7.38119e-11	
187	1.727320e-01	5.953992e-13	4.624692e-13	3.775998e-11	
188	1.737320e-01	-5.95172e-13	-6.97146e-13	-7.37991e-11	
189	1.747320e-01	5.953865e-13	4.613435e-13	3.777112e-11	
190	1.757320e-01	-5.95198e-13	-6.98268e-13	-7.37887e-11	
191	1.767320e-01	5.953776e-13	4.603344e-13	3.778020e-11	
192	1.777320e-01	-5.95221e-13	-6.99280e-13	-7.37803e-11	
193	1.787320e-01	5.953719e-13	4.594307e-13	3.778757e-11	
194	1.797320e-01	-5.95241e-13	-7.00195e-13	-7.37735e-11	
195	1.807320e-01	5.953690e-13	4.586212e-13	3.779351e-11	
196	1.817320e-01	-5.95260e-13	-7.01022e-13	-7.37678e-11	
197	1.827320e-01	5.953676e-13	4.578938e-13	3.779835e-11	
198	1.837320e-01	-5.95277e-13	-7.01770e-13	-7.37631e-11	
199	1.847320e-01	5.953681e-13	4.572410e-13	3.780217e-11	
200	1.857320e-01	-5.95292e-13	-7.02448e-13	-7.37593e-11	
201	1.867320e-01	5.953701e-13	4.566548e-13	3.780548e-11	
202	1.877320e-01	-5.95306e-13	-7.03066e-13	-7.37561e-11	
203	1.887320e-01	5.953734e-13	4.561278e-13	3.780805e-11	
204	1.897320e-01	-5.95319e-13	-7.03627e-13	-7.37534e-11	
205	1.907320e-01	5.953775e-13	4.556522e-13	3.781019e-11	
206	1.917320e-01	-5.95332e-13	-7.04142e-13	-7.37513e-11	
207	1.927320e-01	5.953822e-13	4.552221e-13	3.781184e-11	
208	1.937320e-01	-5.95344e-13	-7.04613e-13	-7.37494e-11	
209	1.947320e-01	5.953877e-13	4.548333e-13	3.781320e-11	
210	1.957320e-01	-5.95355e-13	-7.05046e-13	-7.37478e-11	
211	1.967320e-01	5.953937e-13	4.544806e-13	3.781438e-11	
212	1.977320e-01	-5.95366e-13	-7.05445e-13	-7.37465e-11	
213	1.987320e-01	5.954003e-13	4.541604e-13	3.781535e-11	
214	1.997320e-01	-5.95376e-13	-7.05813e-13	-7.37455e-11	
215	2.001000e-01	5.954173e-13	4.540033e-13	3.781573e-11	
216	2.002000e-01	-1.39751e-15	-4.89513e-15	-1.80818e-11	
217	2.004000e-01	-1.36395e-15	-4.69717e-15	-1.80818e-11	
218	2.008000e-01	-1.31316e-15	-4.40824e-15	-1.80808e-11	
219	2.016000e-01	-1.11370e-15	-3.61454e-15	-1.80805e-11	
220	2.021000e-01	-1.00150e-15	-3.22311e-15	-1.80802e-11	
221	2.022000e-01	-2.36965e-15	1.179954e-13	-1.81975e-11	
222	2.024000e-01	-2.29874e-15	1.182747e-13	-1.81972e-11	
223	2.028000e-01	-2.13561e-15	1.189021e-13	-1.81968e-11	
224	2.036000e-01	-1.77562e-15	1.200813e-13	-1.81963e-11	
225	2.046000e-01	-1.34993e-15	1.213615e-13	-1.81966e-11	
226	2.056000e-01	-1.00002e-15	1.223054e-13	-1.81972e-11	
227	2.066000e-01	-7.32543e-16	1.229881e-13	-1.81979e-11	
228	2.076000e-01	-5.33136e-16	1.234140e-13	-1.81985e-11	

Index   time            v1#branch       v2#branch       v3#branch       
--------------------------------------------------------------------------------
229	2.086000e-01	-3.87630e-16	1.236866e-13	-1.81992e-11	
230	2.096000e-01	-2.80190e-16	1.238025e-13	-1.81999e-11	
231	2.106000e-01	-2.03240e-16	1.238395e-13	-1.82005e-11	
232	2.116000e-01	-1.46009e-16	1.237772e-13	-1.82011e-11	
233	2.126000e-01	-1.04921e-16	1.236804e-13	-1.82016e-11	
234	2.136000e-01	-7.43615e-17	1.235117e-13	-1.82021e-11	
235	2.146000e-01	-5.24377e-17	1.233311e-13	-1.82025e-11	
236	2.156000e-01	-3.56298e-17	1.230942e-13	-1.82027e-11	
237	2.166000e-01	-2.40839e-17	1.228542e-13	-1.82030e-11	
238	2.176000e-01	-1.43926e-17	1.225668e-13	-1.82031e-11	
239	2.186000e-01	-8.17140e-18	1.222802e-13	-1.82033e-11	
240	2.196000e-01	-2.18896e-18	1.219495e-13	-1.82033e-11	
241	2.206000e-01	1.709866e-18	1.216221e-13	-1.82032e-11	
242	2.216000e-01	5.095033e-18	1.212475e-13	-1.82032e-11	
243	2.226000e-01	7.590786e-18	1.208780e-13	-1.82032e-11	
244	2.236000e-01	1.008664e-17	1.204608e-13	-1.82029e-11	
245	2.246000e-01	1.169381e-17	1.200464e-13	-1.82028e-11	
246	2.256000e-01	1.394179e-17	1.195840e-13	-1.82026e-11	
247	2.266000e-01	1.523477e-17	1.191216e-13	-1.82022e-11	
248	2.276000e-01	1.688808e-17	1.186077e-13	-1.82019e-11	
249	2.286000e-01	1.790298e-17	1.180923e-13	-1.82016e-11	
250	2.296000e-01	2.004441e-17	1.175250e-13	-1.82010e-11	
251	2.306000e-01	2.110200e-17	1.169519e-13	-1.82007e-11	
252	2.316000e-01	2.284903e-17	1.163228e-13	-1.82001e-11	
253	2.326000e-01	2.405809e-17	1.156867e-13	-1.81996e-11	
254	2.336000e-01	2.614734e-17	1.149921e-13	-1.81990e-11	
255	2.346000e-01	2.705847e-17	1.142855e-13	-1.81985e-11	
256	2.356000e-01	2.905004e-17	1.135182e-13	-1.81977e-11	
257	2.366000e-01	3.044686e-17	1.127377e-13	-1.81970e-11	
258	2.376000e-01	3.240199e-17	1.118919e-13	-1.81964e-11	
259	2.386000e-01	3.377540e-17	1.110301e-13	-1.81955e-11	
260	2.396000e-01	3.600055e-17	1.101012e-13	-1.81947e-11	
261	2.406000e-01	3.745060e-17	1.091531e-13	-1.81937e-11	
262	2.416000e-01	3.974272e-17	1.081355e-13	-1.81929e-11	
263	2.426000e-01	4.128032e-17	1.070967e-13	-1.81919e-11	
264	2.436000e-01	4.375770e-17	1.059867e-13	-1.81908e-11	
265	2.446000e-01	4.535916e-17	1.048535e-13	-1.81898e-11	
266	2.456000e-01	4.771663e-17	1.036476e-13	-1.81886e-11	
267	2.466000e-01	4.948271e-17	1.024187e-13	-1.81874e-11	
268	2.476000e-01	5.212096e-17	1.011169e-13	-1.81862e-11	
269	2.486000e-01	5.377386e-17	9.979142e-14	-1.81849e-11	
270	2.496000e-01	5.613885e-17	9.839370e-14	-1.81836e-11	
271	2.506000e-01	5.793537e-17	9.697498e-14	-1.81823e-11	
272	2.516000e-01	6.085761e-17	9.548733e-14	-1.81808e-11	
273	2.526000e-01	6.225749e-17	9.397915e-14	-1.81793e-11	
274	2.536000e-01	6.442973e-17	9.240514e-14	-1.81779e-11	
275	2.546000e-01	6.620020e-17	9.081817e-14	-1.81763e-11	
276	2.556000e-01	6.851890e-17	8.917010e-14	-1.81747e-11	
277	2.566000e-01	6.982075e-17	8.751385e-14	-1.81732e-11	
278	2.576000e-01	7.183861e-17	8.580413e-14	-1.81715e-11	
279	2.586000e-01	7.275056e-17	8.409393e-14	-1.81698e-11	
280	2.596000e-01	7.444320e-17	8.233910e-14	-1.81681e-11	
281	2.606000e-01	7.521109e-17	8.059356e-14	-1.81664e-11	
282	2.616000e-01	7.643765e-17	7.881261e-14	-1.81646e-11	
283	2.626000e-01	7.647555e-17	7.705097e-14	-1.81630e-11	
284	2.636000e-01	7.721246e-17	7.526546e-14	-1.81612e-11	
285	2.646000e-01	7.665855e-17	7.351031e-14	-1.81595e-11	
286	2.656000e-01	7.632207e-17	7.174188e-14	-1.81579e-11	

Index   time            v1#branch       v2#branch       v3#branch       
--------------------------------------------------------------------------------
287	2.666000e-01	7.544969e-17	7.001694e-14	-1.81561e-11	
288	2.676000e-01	7.434453e-17	6.828927e-14	-1.81544e-11	
289	2.686000e-01	7.196651e-17	6.661513e-14	-1.81528e-11	
290	2.696000e-01	7.004946e-17	6.495068e-14	-1.81511e-11	
291	2.706000e-01	6.648846e-17	6.334962e-14	-1.81496e-11	
292	2.716000e-01	6.262048e-17	6.176704e-14	-1.81480e-11	
293	2.726000e-01	5.723749e-17	6.025764e-14	-1.81465e-11	
294	2.736000e-01	5.140708e-17	5.877523e-14	-1.81450e-11	
295	2.746000e-01	4.299150e-17	5.737227e-14	-1.81435e-11	
296	2.756000e-01	3.406843e-17	5.600352e-14	-1.81421e-11	
297	2.766000e-01	2.141879e-17	5.471892e-14	-1.81407e-11	
298	2.776000e-01	6.937868e-18	5.347228e-14	-1.81393e-11	
299	2.786000e-01	-1.21233e-17	5.231362e-14	-1.81381e-11	
300	2.796000e-01	-3.51250e-17	5.119424e-14	-1.81369e-11	
301	2.806000e-01	-6.49011e-17	5.016363e-14	-1.81355e-11	
302	2.816000e-01	-1.01474e-16	4.917181e-14	-1.81343e-11	
303	2.826000e-01	-1.48668e-16	4.826666e-14	-1.81330e-11	
304	2.836000e-01	-2.07338e-16	4.739702e-14	-1.81316e-11	
305	2.846000e-01	-2.82148e-16	4.660961e-14	-1.81303e-11	
306	2.856000e-01	-3.76393e-16	4.585027e-14	-1.81288e-11	
307	2.866000e-01	-4.95733e-16	4.516424e-14	-1.81271e-11	
308	2.876000e-01	-6.46041e-16	4.449424e-14	-1.81251e-11	
309	2.886000e-01	-8.35259e-16	4.388173e-14	-1.81231e-11	
310	2.896000e-01	-1.07174e-15	4.326536e-14	-1.81204e-11	
311	2.906000e-01	-1.36648e-15	4.268069e-14	-1.81175e-11	
312	2.916000e-01	-1.72959e-15	4.206102e-14	-1.81138e-11	
313	2.926000e-01	-2.17508e-15	4.143484e-14	-1.81095e-11	
314	2.936000e-01	-2.71260e-15	4.073180e-14	-1.81040e-11	
315	2.946000e-01	-3.35639e-15	3.997881e-14	-1.80976e-11	
316	2.956000e-01	-4.11313e-15	3.911077e-14	-1.80898e-11	
317	2.966000e-01	-4.98821e-15	3.817186e-14	-1.80807e-11	
318	2.976000e-01	-5.98042e-15	3.711997e-14	-1.80702e-11	
319	2.986000e-01	-7.07042e-15	3.604091e-14	-1.80581e-11	
320	2.996000e-01	-8.21795e-15	3.494618e-14	-1.80445e-11	
321	3.006000e-01	-9.33040e-15	3.399895e-14	-1.80300e-11	
322	3.016000e-01	-1.02470e-14	3.331937e-14	-1.80155e-11	
323	3.026000e-01	-1.07360e-14	3.318100e-14	-1.80022e-11	
324	3.036000e-01	-1.06143e-14	3.369007e-14	-1.79917e-11	
325	3.046000e-01	-9.89154e-15	3.485784e-14	-1.79852e-11	
326	3.056000e-01	-8.75478e-15	3.642930e-14	-1.79821e-11	
327	3.066000e-01	-7.45922e-15	3.819754e-14	-1.79824e-11	
328	3.076000e-01	-6.15801e-15	3.996183e-14	-1.79850e-11	
329	3.086000e-01	-4.97039e-15	4.165682e-14	-1.79896e-11	
330	3.096000e-01	-3.91505e-15	4.321592e-14	-1.79953e-11	
331	3.106000e-01	-3.01797e-15	4.466555e-14	-1.80020e-11	
332	3.116000e-01	-2.25439e-15	4.598165e-14	-1.80092e-11	
333	3.126000e-01	-1.62712e-15	4.721243e-14	-1.80166e-11	
334	3.136000e-01	-1.10260e-15	4.833931e-14	-1.80243e-11	
335	3.146000e-01	-6.74067e-16	4.941449e-14	-1.80316e-11	
336	3.156000e-01	-3.17924e-16	5.040207e-14	-1.80389e-11	
337	3.166000e-01	-2.92190e-17	5.134403e-14	-1.80460e-11	
338	3.176000e-01	2.110474e-16	5.219093e-14	-1.80525e-11	
339	3.186000e-01	4.013485e-16	5.297144e-14	-1.80588e-11	
340	3.196000e-01	5.597731e-16	5.363243e-14	-1.80642e-11	
341	3.206000e-01	6.821410e-16	5.420256e-14	-1.80684e-11	
342	3.216000e-01	7.852619e-16	5.463558e-14	-1.80708e-11	
343	3.226000e-01	8.667857e-16	5.497291e-14	-1.80687e-11	
344	3.236000e-01	9.548094e-16	5.518923e-14	-1.80578e-11	

Index   time            v1#branch       v2#branch       v3#branch       
--------------------------------------------------------------------------------
345	3.246000e-01	1.066546e-15	5.535137e-14	-1.80264e-11	
346	3.256000e-01	1.291952e-15	5.550353e-14	-1.79489e-11	
347	3.266000e-01	1.782034e-15	5.586808e-14	-1.77606e-11	
348	3.276000e-01	3.107594e-15	5.696446e-14	-1.72634e-11	
349	3.286000e-01	9.181335e-15	6.228382e-14	-1.50896e-11	
350	3.296000e-01	1.707130e-14	6.921094e-14	-1.21112e-11	
351	3.306000e-01	1.628104e-14	6.735613e-14	-1.00237e-11	
352	3.316000e-01	1.369759e-14	6.438183e-14	-8.61754e-12	
353	3.326000e-01	1.072705e-14	6.107222e-14	-7.71369e-12	
354	3.336000e-01	8.378938e-15	5.871319e-14	-7.07454e-12	
355	3.346000e-01	6.608702e-15	5.689558e-14	-6.66231e-12	
356	3.356000e-01	5.117962e-15	5.556015e-14	-6.34260e-12	
357	3.366000e-01	4.072930e-15	5.460104e-14	-6.14565e-12	
358	3.376000e-01	3.111953e-15	5.389083e-14	-5.97598e-12	
359	3.386000e-01	2.469157e-15	5.340884e-14	-5.88671e-12	
360	3.396000e-01	1.810933e-15	5.306112e-14	-5.79604e-12	
361	3.406000e-01	1.401995e-15	5.286311e-14	-5.76613e-12	
362	3.416000e-01	9.206950e-16	5.273471e-14	-5.72131e-12	
363	3.426000e-01	6.529613e-16	5.271672e-14	-5.72853e-12	
364	3.436000e-01	2.806621e-16	5.273309e-14	-5.71572e-12	
365	3.446000e-01	9.087812e-17	5.282648e-14	-5.75368e-12	
366	3.456000e-01	-2.28104e-16	5.292929e-14	-5.77438e-12	
367	3.466000e-01	-4.04636e-16	5.306519e-14	-5.85291e-12	
368	3.476000e-01	-7.40566e-16	5.317893e-14	-5.92475e-12	
369	3.486000e-01	-9.76720e-16	5.327635e-14	-6.06622e-12	
370	3.496000e-01	-1.40785e-15	5.330809e-14	-6.21053e-12	
371	3.506000e-01	-1.74676e-15	5.331114e-14	-6.42810e-12	
372	3.516000e-01	-2.27028e-15	5.325402e-14	-6.64412e-12	
373	3.526000e-01	-2.64483e-15	5.323193e-14	-6.92097e-12	
374	3.536000e-01	-3.14168e-15	5.322086e-14	-7.17992e-12	
375	3.546000e-01	-3.40145e-15	5.335513e-14	-7.48461e-12	
376	3.556000e-01	-3.72533e-15	5.357554e-14	-7.75977e-12	
377	3.566000e-01	-3.80270e-15	5.395604e-14	-8.07354e-12	
378	3.576000e-01	-3.94280e-15	5.443112e-14	-8.35409e-12	
379	3.586000e-01	-3.86409e-15	5.503525e-14	-8.67089e-12	
380	3.596000e-01	-3.88450e-15	5.569083e-14	-8.95258e-12	
381	3.606000e-01	-3.71644e-15	5.643951e-14	-9.26823e-12	
382	3.616000e-01	-3.67169e-15	5.721024e-14	-9.54607e-12	
383	3.626000e-01	-3.45226e-15	5.805768e-14	-9.85513e-12	
384	3.636000e-01	-3.37836e-15	5.889616e-14	-1.01235e-11	
385	3.646000e-01	-3.13419e-15	5.980502e-14	-1.04200e-11	
386	3.656000e-01	-3.04306e-15	6.069032e-14	-1.06732e-11	
387	3.666000e-01	-2.79073e-15	6.162488e-14	-1.09518e-11	
388	3.676000e-01	-2.69181e-15	6.252140e-14	-1.11842e-11	
389	3.686000e-01	-2.43796e-15	6.343291e-14	-1.14390e-11	
390	3.696000e-01	-2.34062e-15	6.426514e-14	-1.16439e-11	
391	3.706000e-01	-2.08829e-15	6.506929e-14	-1.18669e-11	
392	3.716000e-01	-1.98774e-15	6.577351e-14	-1.20353e-11	
393	3.726000e-01	-1.73280e-15	6.646776e-14	-1.22180e-11	
394	3.736000e-01	-1.62942e-15	6.714463e-14	-1.23444e-11	
395	3.746000e-01	-1.37743e-15	6.792039e-14	-1.24865e-11	
396	3.756000e-01	-1.28914e-15	6.876383e-14	-1.25765e-11	
397	3.766000e-01	-1.06837e-15	6.973734e-14	-1.26878e-11	
398	3.776000e-01	-1.01867e-15	7.077543e-14	-1.27527e-11	
399	3.786000e-01	-8.39448e-16	7.191474e-14	-1.28435e-11	
400	3.796000e-01	-8.26219e-16	7.309061e-14	-1.28917e-11	
401	3.806000e-01	-6.78798e-16	7.433792e-14	-1.29690e-11	
402	3.816000e-01	-6.91740e-16	7.559940e-14	-1.30058e-11	

Index   time            v1#branch       v2#branch       v3#branch       
--------------------------------------------------------------------------------
403	3.826000e-01	-5.61662e-16	7.692296e-14	-1.30731e-11	
404	3.836000e-01	-5.91532e-16	7.824072e-14	-1.31012e-11	
405	3.846000e-01	-4.73395e-16	7.961464e-14	-1.31609e-11	
406	3.856000e-01	-5.13588e-16	8.097264e-14	-1.31822e-11	
407	3.866000e-01	-4.01807e-16	8.238375e-14	-1.32356e-11	
408	3.876000e-01	-4.48559e-16	8.376808e-14	-1.32511e-11	
409	3.886000e-01	-3.41240e-16	8.520032e-14	-1.32993e-11	
410	3.896000e-01	-3.95510e-16	8.658907e-14	-1.33100e-11	
411	3.906000e-01	-2.93035e-16	8.802172e-14	-1.33538e-11	
412	3.916000e-01	-3.46683e-16	8.941275e-14	-1.33603e-11	
413	3.926000e-01	-2.51038e-16	9.081975e-14	-1.34003e-11	
414	3.936000e-01	-3.07556e-16	9.218413e-14	-1.34033e-11	
415	3.946000e-01	-2.12305e-16	9.355914e-14	-1.34401e-11	
416	3.956000e-01	-2.72502e-16	9.487306e-14	-1.34402e-11	
417	3.966000e-01	-1.80877e-16	9.618791e-14	-1.34742e-11	
418	3.976000e-01	-2.43187e-16	9.743591e-14	-1.34717e-11	
419	3.986000e-01	-1.51139e-16	9.868278e-14	-1.35032e-11	
420	3.996000e-01	-2.14839e-16	9.985097e-14	-1.34985e-11	
421	4.006000e-01	-1.26566e-16	1.010063e-13	-1.35280e-11	
422	4.016000e-01	-1.90502e-16	1.020877e-13	-1.35215e-11	
423	4.021000e-01	-1.14716e-16	1.026108e-13	-1.35441e-11	
424	4.022000e-01	2.499854e-14	-3.46957e-14	-1.34665e-11	
425	4.024000e-01	1.036904e-14	-7.65817e-14	-1.33909e-11	
426	4.028000e-01	1.109675e-15	-1.01338e-13	-1.33480e-11	
427	4.036000e-01	-1.51940e-16	-1.02205e-13	-1.33506e-11	
428	4.046000e-01	-3.17232e-17	-1.00629e-13	-1.33588e-11	
429	4.056000e-01	-1.55238e-16	-9.97830e-14	-1.33655e-11	
430	4.066000e-01	-1.06703e-16	-9.84463e-14	-1.33728e-11	
431	4.076000e-01	-1.28874e-16	-9.72274e-14	-1.33794e-11	
432	4.086000e-01	-1.13720e-16	-9.59326e-14	-1.33858e-11	
433	4.096000e-01	-1.20203e-16	-9.46050e-14	-1.33920e-11	
434	4.106000e-01	-1.08191e-16	-9.32654e-14	-1.33978e-11	
435	4.116000e-01	-1.13735e-16	-9.18887e-14	-1.34032e-11	
436	4.126000e-01	-1.02774e-16	-9.05151e-14	-1.34083e-11	
437	4.136000e-01	-1.08750e-16	-8.91127e-14	-1.34133e-11	
438	4.146000e-01	-9.73627e-17	-8.77219e-14	-1.34179e-11	
439	4.156000e-01	-1.01918e-16	-8.63102e-14	-1.34222e-11	
440	4.166000e-01	-9.16699e-17	-8.49256e-14	-1.34264e-11	
441	4.176000e-01	-9.64154e-17	-8.35268e-14	-1.34303e-11	
442	4.186000e-01	-8.49094e-17	-8.21604e-14	-1.34339e-11	
443	4.196000e-01	-9.10959e-17	-8.07934e-14	-1.34374e-11	
444	4.206000e-01	-7.92159e-17	-7.94616e-14	-1.34408e-11	
445	4.216000e-01	-8.21888e-17	-7.81300e-14	-1.34437e-11	
446	4.226000e-01	-7.57542e-17	-7.68565e-14	-1.34466e-11	
447	4.236000e-01	-7.93407e-17	-7.55769e-14	-1.34494e-11	
448	4.246000e-01	-6.67461e-17	-7.43471e-14	-1.34520e-11	
449	4.256000e-01	-7.43177e-17	-7.31343e-14	-1.34545e-11	
450	4.266000e-01	-6.24291e-17	-7.19664e-14	-1.34569e-11	
451	4.276000e-01	-6.73159e-17	-7.08117e-14	-1.34590e-11	
452	4.286000e-01	-5.86698e-17	-6.97140e-14	-1.34611e-11	
453	4.296000e-01	-6.42711e-17	-6.86249e-14	-1.34631e-11	
454	4.306000e-01	-5.25693e-17	-6.75868e-14	-1.34650e-11	
455	4.316000e-01	-5.87375e-17	-6.65638e-14	-1.34669e-11	
456	4.326000e-01	-4.83000e-17	-6.55921e-14	-1.34684e-11	
457	4.336000e-01	-5.38248e-17	-6.46313e-14	-1.34700e-11	
458	4.346000e-01	-4.71472e-17	-6.37279e-14	-1.34715e-11	
459	4.356000e-01	-4.92850e-17	-6.28222e-14	-1.34730e-11	
460	4.366000e-01	-4.17228e-17	-6.19772e-14	-1.34743e-11	

Index   time            v1#branch       v2#branch       v3#branch       
--------------------------------------------------------------------------------
461	4.376000e-01	-4.62286e-17	-6.11332e-14	-1.34756e-11	
462	4.386000e-01	-3.67812e-17	-6.03413e-14	-1.34768e-11	
463	4.396000e-01	-4.45937e-17	-5.95568e-14	-1.34780e-11	
464	4.406000e-01	-3.37159e-17	-5.88150e-14	-1.34791e-11	
465	4.416000e-01	-4.11981e-17	-5.80810e-14	-1.34801e-11	
466	4.426000e-01	-3.07086e-17	-5.73888e-14	-1.34811e-11	
467	4.436000e-01	-3.75667e-17	-5.67010e-14	-1.34820e-11	
468	4.446000e-01	-2.99419e-17	-5.60583e-14	-1.34829e-11	
469	4.456000e-01	-3.48724e-17	-5.54113e-14	-1.34838e-11	
470	4.466000e-01	-2.59606e-17	-5.48090e-14	-1.34847e-11	
471	4.476000e-01	-3.40004e-17	-5.42066e-14	-1.34855e-11	
472	4.486000e-01	-2.30455e-17	-5.36401e-14	-1.34862e-11	
473	4.496000e-01	-3.26751e-17	-5.30773e-14	-1.34868e-11	
474	4.506000e-01	-2.07474e-17	-5.25451e-14	-1.34876e-11	
475	4.516000e-01	-3.11011e-17	-5.20176e-14	-1.34883e-11	
476	4.526000e-01	-1.97398e-17	-5.15191e-14	-1.34890e-11	
477	4.536000e-01	-2.82744e-17	-5.10209e-14	-1.34895e-11	
478	4.546000e-01	-1.81277e-17	-5.05544e-14	-1.34902e-11	
479	4.556000e-01	-2.56136e-17	-5.00841e-14	-1.34907e-11	
480	4.566000e-01	-1.76423e-17	-4.96485e-14	-1.34912e-11	
481	4.576000e-01	-2.41839e-17	-4.92039e-14	-1.34917e-11	
482	4.586000e-01	-1.55647e-17	-4.87936e-14	-1.34922e-11	
483	4.596000e-01	-2.34581e-17	-4.83757e-14	-1.34927e-11	
484	4.606000e-01	-1.42439e-17	-4.79887e-14	-1.34931e-11	
485	4.616000e-01	-1.99407e-17	-4.75914e-14	-1.34935e-11	
486	4.626000e-01	-1.40587e-17	-4.72309e-14	-1.34940e-11	
487	4.636000e-01	-1.67040e-17	-4.68515e-14	-1.34944e-11	
488	4.646000e-01	-1.06743e-17	-4.65119e-14	-1.34948e-11	
489	4.656000e-01	-1.82759e-17	-4.61583e-14	-1.34952e-11	
490	4.666000e-01	-5.09249e-18	-4.58299e-14	-1.34957e-11	
491	4.676000e-01	-1.54398e-17	-4.54988e-14	-1.34960e-11	
492	4.686000e-01	-2.59292e-18	-4.51889e-14	-1.34963e-11	
493	4.696000e-01	-9.07855e-18	-4.48716e-14	-1.34966e-11	
494	4.706000e-01	4.664468e-18	-4.45784e-14	-1.34970e-11	
495	4.716000e-01	-3.08501e-18	-4.42795e-14	-1.34973e-11	
496	4.726000e-01	1.398645e-17	-4.39995e-14	-1.34975e-11	
497	4.736000e-01	9.109658e-18	-4.37142e-14	-1.34978e-11	
498	4.746000e-01	2.753324e-17	-4.34490e-14	-1.34981e-11	
499	4.756000e-01	2.996056e-17	-4.31721e-14	-1.34983e-11	
500	4.766000e-01	5.140446e-17	-4.29203e-14	-1.34987e-11	
501	4.776000e-01	6.266557e-17	-4.26503e-14	-1.34988e-11	
502	4.786000e-01	9.181116e-17	-4.24071e-14	-1.34992e-11	
503	4.796000e-01	1.117722e-16	-4.21450e-14	-1.34994e-11	
504	4.806000e-01	1.585354e-16	-4.19009e-14	-1.34996e-11	
505	4.816000e-01	1.978839e-16	-4.16373e-14	-1.34998e-11	
506	4.826000e-01	2.682951e-16	-4.13883e-14	-1.34999e-11	
507	4.836000e-01	3.339742e-16	-4.11184e-14	-1.35000e-11	
508	4.846000e-01	4.483428e-16	-4.08470e-14	-1.35004e-11	
509	4.856000e-01	5.661760e-16	-4.05492e-14	-1.35003e-11	
510	4.866000e-01	7.417486e-16	-4.02437e-14	-1.35005e-11	
511	4.876000e-01	9.416952e-16	-3.98943e-14	-1.35004e-11	
512	4.886000e-01	1.216665e-15	-3.95245e-14	-1.35004e-11	
513	4.896000e-01	1.549387e-15	-3.90831e-14	-1.35001e-11	
514	4.906000e-01	1.982191e-15	-3.86035e-14	-1.34999e-11	
515	4.916000e-01	2.507993e-15	-3.80251e-14	-1.34994e-11	
516	4.926000e-01	3.184648e-15	-3.73678e-14	-1.34986e-11	
517	4.936000e-01	3.994733e-15	-3.65832e-14	-1.34974e-11	
518	4.946000e-01	5.004597e-15	-3.56837e-14	-1.34956e-11	

Index   time            v1#branch       v2#branch       v3#branch       
--------------------------------------------------------------------------------
519	4.956000e-01	6.197105e-15	-3.46221e-14	-1.34926e-11	
520	4.966000e-01	7.628313e-15	-3.34223e-14	-1.34884e-11	
521	4.976000e-01	9.265506e-15	-3.20527e-14	-1.34821e-11	
522	4.986000e-01	1.114048e-14	-3.05608e-14	-1.34729e-11	
523	4.996000e-01	1.319105e-14	-2.89431e-14	-1.34596e-11	
524	5.006000e-01	1.540970e-14	-2.72835e-14	-1.34407e-11	
525	5.016000e-01	1.769627e-14	-2.56112e-14	-1.34147e-11	
526	5.026000e-01	2.001633e-14	-2.40272e-14	-1.33799e-11	
527	5.036000e-01	2.225732e-14	-2.25569e-14	-1.33345e-11	
528	5.046000e-01	2.438754e-14	-2.12768e-14	-1.32777e-11	
529	5.056000e-01	2.631547e-14	-2.01710e-14	-1.32096e-11	
530	5.066000e-01	2.804365e-14	-1.92753e-14	-1.31309e-11	
531	5.076000e-01	2.951980e-14	-1.85455e-14	-1.30427e-11	
532	5.086000e-01	3.077791e-14	-1.80066e-14	-1.29469e-11	
533	5.096000e-01	3.180570e-14	-1.75956e-14	-1.28453e-11	
534	5.106000e-01	3.265382e-14	-1.73365e-14	-1.27392e-11	
535	5.116000e-01	3.331895e-14	-1.71669e-14	-1.26303e-11	
536	5.126000e-01	3.386134e-14	-1.71063e-14	-1.25201e-11	
537	5.136000e-01	3.427239e-14	-1.70994e-14	-1.24098e-11	
538	5.146000e-01	3.461078e-14	-1.71670e-14	-1.23010e-11	
539	5.156000e-01	3.485522e-14	-1.72644e-14	-1.21960e-11	
540	5.166000e-01	3.505023e-14	-1.74238e-14	-1.20989e-11	
541	5.176000e-01	3.515386e-14	-1.76177e-14	-1.20178e-11	
542	5.186000e-01	3.517317e-14	-1.79102e-14	-1.19715e-11	
543	5.196000e-01	3.497714e-14	-1.83527e-14	-1.20012e-11	
544	5.206000e-01	3.438375e-14	-1.91769e-14	-1.22040e-11	
545	5.216000e-01	3.275766e-14	-2.08872e-14	-1.28169e-11	
546	5.226000e-01	2.852162e-14	-2.49808e-14	-1.44529e-11	
547	5.236000e-01	1.551260e-14	-3.71553e-14	-1.89987e-11	
548	5.246000e-01	-2.49775e-14	-7.63483e-14	-3.20955e-11	
549	5.256000e-01	-5.14021e-13	-6.46057e-13	-3.16962e-10	
550	5.266000e-01	7.628014e-13	6.306060e-13	-3.34782e-11	
551	5.276000e-01	-7.84902e-13	-8.34839e-13	-1.20669e-10	
552	5.286000e-01	5.052505e-13	3.948445e-13	1.300110e-11	
553	5.296000e-01	-6.97359e-13	-7.57462e-13	-9.81108e-11	
554	5.306000e-01	5.315712e-13	4.279568e-13	2.608422e-11	
555	5.316000e-01	-6.65734e-13	-7.26584e-13	-8.97793e-11	
556	5.326000e-01	5.598704e-13	4.586472e-13	3.186904e-11	
557	5.336000e-01	-6.37324e-13	-6.93880e-13	-8.56181e-11	
558	5.346000e-01	5.854132e-13	4.900186e-13	3.496376e-11	
559	5.356000e-01	-6.14411e-13	-6.65929e-13	-8.32554e-11	
560	5.366000e-01	6.011536e-13	5.093816e-13	3.682384e-11	
561	5.376000e-01	-6.04585e-13	-6.54917e-13	-8.17556e-11	
562	5.386000e-01	6.058082e-13	5.137593e-13	3.805910e-11	
563	5.396000e-01	-6.02073e-13	-6.54044e-13	-8.07270e-11	
564	5.406000e-01	6.066992e-13	5.124097e-13	3.892570e-11	
565	5.416000e-01	-6.01543e-13	-6.56335e-13	-7.99920e-11	
566	5.426000e-01	6.066236e-13	5.092843e-13	3.955455e-11	
567	5.436000e-01	-6.01630e-13	-6.59732e-13	-7.94515e-11	
568	5.446000e-01	6.062720e-13	5.055538e-13	4.002208e-11	
569	5.456000e-01	-6.01907e-13	-6.63496e-13	-7.90458e-11	
570	5.466000e-01	6.058797e-13	5.016849e-13	4.037576e-11	
571	5.476000e-01	-6.02216e-13	-6.67312e-13	-7.87364e-11	
572	5.486000e-01	6.055231e-13	4.978759e-13	4.064715e-11	
573	5.496000e-01	-6.02503e-13	-6.71038e-13	-7.84977e-11	
574	5.506000e-01	6.052218e-13	4.942187e-13	4.085747e-11	
575	5.516000e-01	-6.02752e-13	-6.74605e-13	-7.83119e-11	
576	5.526000e-01	6.049753e-13	4.907585e-13	4.102185e-11	

Index   time            v1#branch       v2#branch       v3#branch       
--------------------------------------------------------------------------------
577	5.536000e-01	-6.02962e-13	-6.77974e-13	-7.81660e-11	
578	5.546000e-01	6.047764e-13	4.875165e-13	4.115109e-11	
579	5.556000e-01	-6.03137e-13	-6.81128e-13	-7.80510e-11	
580	5.566000e-01	6.046172e-13	4.845035e-13	4.125314e-11	
581	5.576000e-01	-6.03281e-13	-6.84059e-13	-7.79598e-11	
582	5.586000e-01	6.044906e-13	4.817222e-13	4.133430e-11	
583	5.596000e-01	-6.03400e-13	-6.86765e-13	-7.78872e-11	
584	5.606000e-01	6.043902e-13	4.791695e-13	4.139893e-11	
585	5.616000e-01	-6.03499e-13	-6.89250e-13	-7.78292e-11	
586	5.626000e-01	6.043101e-13	4.768365e-13	4.145043e-11	
587	5.636000e-01	-6.03581e-13	-6.91523e-13	-7.77828e-11	
588	5.646000e-01	6.042476e-13	4.747167e-13	4.149178e-11	
589	5.656000e-01	-6.03649e-13	-6.93592e-13	-7.77456e-11	
590	5.666000e-01	6.041982e-13	4.727954e-13	4.152484e-11	
591	5.676000e-01	-6.03707e-13	-6.95472e-13	-7.77156e-11	
592	5.686000e-01	6.041595e-13	4.710594e-13	4.155141e-11	
593	5.696000e-01	-6.03755e-13	-6.97175e-13	-7.76915e-11	
594	5.706000e-01	6.041300e-13	4.694969e-13	4.157282e-11	
595	5.716000e-01	-6.03797e-13	-6.98713e-13	-7.76719e-11	
596	5.726000e-01	6.041076e-13	4.680921e-13	4.159005e-11	
597	5.736000e-01	-6.03832e-13	-7.00104e-13	-7.76562e-11	
598	5.746000e-01	6.040908e-13	4.668305e-13	4.160403e-11	
599	5.756000e-01	-6.03863e-13	-7.01357e-13	-7.76433e-11	
600	5.766000e-01	6.040786e-13	4.656992e-13	4.161521e-11	
601	5.776000e-01	-6.03890e-13	-7.02489e-13	-7.76329e-11	
602	5.786000e-01	6.040700e-13	4.646848e-13	4.162417e-11	
603	5.796000e-01	-6.03913e-13	-7.03509e-13	-7.76244e-11	
604	5.806000e-01	6.040649e-13	4.637769e-13	4.163154e-11	
605	5.816000e-01	-6.03934e-13	-7.04432e-13	-7.76175e-11	
606	5.826000e-01	6.040624e-13	4.629635e-13	4.163761e-11	
607	5.836000e-01	-6.03953e-13	-7.05265e-13	-7.76118e-11	
608	5.846000e-01	6.040616e-13	4.622330e-13	4.164237e-11	
609	5.856000e-01	-6.03971e-13	-7.06020e-13	-7.76071e-11	
610	5.866000e-01	6.040626e-13	4.615779e-13	4.164629e-11	
611	5.876000e-01	-6.03986e-13	-7.06705e-13	-7.76033e-11	
612	5.886000e-01	6.040653e-13	4.609905e-13	4.164950e-11	
613	5.896000e-01	-6.04001e-13	-7.07328e-13	-7.76002e-11	
614	5.906000e-01	6.040688e-13	4.604606e-13	4.165208e-11	
615	5.916000e-01	-6.04015e-13	-7.07895e-13	-7.75976e-11	
616	5.926000e-01	6.040735e-13	4.599840e-13	4.165409e-11	
617	5.936000e-01	-6.04028e-13	-7.08413e-13	-7.75954e-11	
618	5.946000e-01	6.040788e-13	4.595533e-13	4.165593e-11	
619	5.956000e-01	-6.04040e-13	-7.08888e-13	-7.75935e-11	
620	5.966000e-01	6.040847e-13	4.591634e-13	4.165732e-11	
621	5.976000e-01	-6.04052e-13	-7.09326e-13	-7.75919e-11	
622	5.986000e-01	6.040912e-13	4.588103e-13	4.165846e-11	
623	5.996000e-01	-6.04064e-13	-7.09728e-13	-7.75905e-11	
624	6.006000e-01	6.040983e-13	4.584902e-13	4.165928e-11	
625	6.016000e-01	-6.04075e-13	-7.10101e-13	-7.75894e-11	
626	6.021000e-01	6.041115e-13	4.582975e-13	4.165980e-11	
627	6.022000e-01	-1.39839e-15	-4.89820e-15	-1.80817e-11	
628	6.024000e-01	-1.36351e-15	-4.69550e-15	-1.80816e-11	
629	6.028000e-01	-1.31360e-15	-4.40983e-15	-1.80808e-11	
630	6.036000e-01	-1.11339e-15	-3.61340e-15	-1.80805e-11	
631	6.041000e-01	-1.00172e-15	-3.22393e-15	-1.80800e-11	
632	6.042000e-01	-2.36995e-15	1.179944e-13	-1.81975e-11	
633	6.044000e-01	-2.29869e-15	1.182749e-13	-1.81971e-11	
634	6.048000e-01	-2.13555e-15	1.189023e-13	-1.81967e-11	

Index   time            v1#branch       v2#branch       v3#branch       
--------------------------------------------------------------------------------
635	6.056000e-01	-1.77573e-15	1.200808e-13	-1.81963e-11	
636	6.066000e-01	-1.34986e-15	1.213617e-13	-1.81966e-11	
637	6.076000e-01	-1.00018e-15	1.223048e-13	-1.81971e-11	
638	6.086000e-01	-7.32750e-16	1.229874e-13	-1.81979e-11	
639	6.096000e-01	-5.33332e-16	1.234134e-13	-1.81985e-11	
640	6.106000e-01	-3.87493e-16	1.236871e-13	-1.81993e-11	
641	6.116000e-01	-2.80374e-16	1.238019e-13	-1.81999e-11	
642	6.126000e-01	-2.03172e-16	1.238398e-13	-1.82005e-11	
643	6.136000e-01	-1.45911e-16	1.237775e-13	-1.82011e-11	
644	6.146000e-01	-1.04973e-16	1.236802e-13	-1.82016e-11	
645	6.156000e-01	-7.43420e-17	1.235118e-13	-1.82021e-11	
646	6.166000e-01	-5.26399e-17	1.233304e-13	-1.82024e-11	
647	6.176000e-01	-3.56683e-17	1.230940e-13	-1.82028e-11	
648	6.186000e-01	-2.38623e-17	1.228550e-13	-1.82029e-11	
649	6.196000e-01	-1.45501e-17	1.225663e-13	-1.82031e-11	
650	6.206000e-01	-7.99062e-18	1.222808e-13	-1.82032e-11	
651	6.216000e-01	-2.26647e-18	1.219492e-13	-1.82033e-11	
652	6.226000e-01	1.717340e-18	1.216221e-13	-1.82032e-11	
653	6.236000e-01	5.202555e-18	1.212478e-13	-1.82032e-11	
654	6.246000e-01	7.598693e-18	1.208781e-13	-1.82031e-11	
655	6.256000e-01	1.020832e-17	1.204612e-13	-1.82030e-11	
656	6.266000e-01	1.165684e-17	1.200463e-13	-1.82027e-11	
657	6.276000e-01	1.387336e-17	1.195837e-13	-1.82025e-11	
658	6.286000e-01	1.500189e-17	1.191208e-13	-1.82022e-11	
659	6.296000e-01	1.684946e-17	1.186076e-13	-1.82019e-11	
660	6.306000e-01	1.795321e-17	1.180924e-13	-1.82016e-11	
661	6.316000e-01	2.006421e-17	1.175251e-13	-1.82011e-11	
662	6.326000e-01	2.120096e-17	1.169522e-13	-1.82007e-11	
663	6.336000e-01	2.295990e-17	1.163231e-13	-1.82002e-11	
664	6.346000e-01	2.399099e-17	1.156864e-13	-1.81997e-11	
665	6.356000e-01	2.604836e-17	1.149918e-13	-1.81990e-11	
666	6.366000e-01	2.688953e-17	1.142850e-13	-1.81984e-11	
667	6.376000e-01	2.911763e-17	1.135184e-13	-1.81978e-11	
668	6.386000e-01	3.034472e-17	1.127374e-13	-1.81971e-11	
669	6.396000e-01	3.251373e-17	1.118922e-13	-1.81963e-11	
670	6.406000e-01	3.379086e-17	1.110301e-13	-1.81955e-11	
671	6.416000e-01	3.604526e-17	1.101013e-13	-1.81947e-11	
672	6.426000e-01	3.730369e-17	1.091527e-13	-1.81938e-11	
673	6.436000e-01	3.975988e-17	1.081356e-13	-1.81929e-11	
674	6.446000e-01	4.135292e-17	1.070969e-13	-1.81919e-11	
675	6.456000e-01	4.376517e-17	1.059867e-13	-1.81909e-11	
676	6.466000e-01	4.526012e-17	1.048533e-13	-1.81898e-11	
677	6.476000e-01	4.766670e-17	1.036475e-13	-1.81887e-11	
678	6.486000e-01	4.957471e-17	1.024189e-13	-1.81874e-11	
679	6.496000e-01	5.223309e-17	1.011172e-13	-1.81861e-11	
680	6.506000e-01	5.387371e-17	9.979166e-14	-1.81850e-11	
681	6.516000e-01	5.618444e-17	9.839381e-14	-1.81837e-11	
682	6.526000e-01	5.784409e-17	9.697471e-14	-1.81822e-11	
683	6.536000e-01	6.062596e-17	9.548675e-14	-1.81807e-11	
684	6.546000e-01	6.211510e-17	9.397881e-14	-1.81794e-11	
685	6.556000e-01	6.465609e-17	9.240575e-14	-1.81779e-11	
686	6.566000e-01	6.619045e-17	9.081810e-14	-1.81764e-11	
687	6.576000e-01	6.840995e-17	8.916986e-14	-1.81747e-11	
688	6.586000e-01	6.991828e-17	8.751408e-14	-1.81731e-11	
689	6.596000e-01	7.185070e-17	8.580416e-14	-1.81715e-11	
690	6.606000e-01	7.276860e-17	8.409396e-14	-1.81698e-11	
691	6.616000e-01	7.461959e-17	8.233951e-14	-1.81681e-11	
692	6.626000e-01	7.512714e-17	8.059333e-14	-1.81664e-11	

Index   time            v1#branch       v2#branch       v3#branch       
--------------------------------------------------------------------------------
693	6.636000e-01	7.631224e-17	7.881237e-14	-1.81647e-11	
694	6.646000e-01	7.662096e-17	7.705127e-14	-1.81629e-11	
695	6.656000e-01	7.723055e-17	7.526549e-14	-1.81612e-11	
696	6.666000e-01	7.654465e-17	7.351007e-14	-1.81595e-11	
697	6.676000e-01	7.637204e-17	7.174200e-14	-1.81579e-11	
698	6.686000e-01	7.519090e-17	7.001642e-14	-1.81561e-11	
699	6.696000e-01	7.447998e-17	6.828958e-14	-1.81544e-11	
700	6.706000e-01	7.182655e-17	6.661484e-14	-1.81527e-11	
701	6.716000e-01	7.028716e-17	6.495115e-14	-1.81511e-11	
702	6.726000e-01	6.637498e-17	6.334936e-14	-1.81496e-11	
703	6.736000e-01	6.260554e-17	6.176708e-14	-1.81480e-11	
704	6.746000e-01	5.729613e-17	6.025769e-14	-1.81465e-11	
705	6.756000e-01	5.144230e-17	5.877533e-14	-1.81451e-11	
706	6.766000e-01	4.298252e-17	5.737220e-14	-1.81435e-11	
707	6.776000e-01	3.398325e-17	5.600344e-14	-1.81421e-11	
708	6.786000e-01	2.139212e-17	5.471884e-14	-1.81407e-11	
709	6.796000e-01	6.972293e-18	5.347239e-14	-1.81394e-11	
710	6.806000e-01	-1.20474e-17	5.231368e-14	-1.81381e-11	
711	6.816000e-01	-3.50602e-17	5.119438e-14	-1.81369e-11	
712	6.826000e-01	-6.49201e-17	5.016355e-14	-1.81355e-11	
713	6.836000e-01	-1.01353e-16	4.917201e-14	-1.81342e-11	
714	6.846000e-01	-1.48682e-16	4.826659e-14	-1.81330e-11	
715	6.856000e-01	-2.07291e-16	4.739711e-14	-1.81316e-11	
716	6.866000e-01	-2.82296e-16	4.660938e-14	-1.81302e-11	
717	6.876000e-01	-3.76258e-16	4.585046e-14	-1.81288e-11	
718	6.886000e-01	-4.96135e-16	4.516378e-14	-1.81272e-11	
719	6.896000e-01	-6.45849e-16	4.449443e-14	-1.81252e-11	
720	6.906000e-01	-8.35293e-16	4.388172e-14	-1.81231e-11	
721	6.916000e-01	-1.07176e-15	4.326536e-14	-1.81205e-11	
722	6.926000e-01	-1.36656e-15	4.268058e-14	-1.81175e-11	
723	6.936000e-01	-1.72967e-15	4.206098e-14	-1.81138e-11	
724	6.946000e-01	-2.17448e-15	4.143534e-14	-1.81095e-11	
725	6.956000e-01	-2.71308e-15	4.073151e-14	-1.81041e-11	
726	6.966000e-01	-3.35614e-15	3.997891e-14	-1.80976e-11	
727	6.976000e-01	-4.11328e-15	3.911073e-14	-1.80899e-11	
728	6.986000e-01	-4.98852e-15	3.817148e-14	-1.80808e-11	
729	6.996000e-01	-5.98066e-15	3.711983e-14	-1.80702e-11	
730	7.006000e-01	-7.06963e-15	3.604154e-14	-1.80582e-11	
731	7.016000e-01	-8.21829e-15	3.494597e-14	-1.80445e-11	
732	7.026000e-01	-9.33004e-15	3.399919e-14	-1.80300e-11	
733	7.036000e-01	-1.02473e-14	3.331922e-14	-1.80154e-11	
734	7.046000e-01	-1.07365e-14	3.318041e-14	-1.80022e-11	
735	7.056000e-01	-1.06135e-14	3.369095e-14	-1.79918e-11	
736	7.066000e-01	-9.89159e-15	3.485764e-14	-1.79852e-11	
737	7.076000e-01	-8.75434e-15	3.642983e-14	-1.79821e-11	
738	7.086000e-01	-7.45971e-15	3.819693e-14	-1.79824e-11	
739	7.096000e-01	-6.15859e-15	3.996141e-14	-1.79850e-11	
740	7.106000e-01	-4.96954e-15	4.165754e-14	-1.79896e-11	
741	7.116000e-01	-3.91520e-15	4.321583e-14	-1.79953e-11	
742	7.126000e-01	-3.01805e-15	4.466537e-14	-1.80019e-11	
743	7.136000e-01	-2.25510e-15	4.598110e-14	-1.80093e-11	
744	7.146000e-01	-1.62714e-15	4.721234e-14	-1.80166e-11	
745	7.156000e-01	-1.10201e-15	4.834001e-14	-1.80243e-11	
746	7.166000e-01	-6.73449e-16	4.941495e-14	-1.80316e-11	
747	7.176000e-01	-3.18485e-16	5.040160e-14	-1.80390e-11	
748	7.186000e-01	-2.92902e-17	5.134386e-14	-1.80460e-11	
749	7.196000e-01	2.110293e-16	5.219102e-14	-1.80526e-11	
750	7.206000e-01	4.010641e-16	5.297105e-14	-1.80588e-11	

Index   time            v1#branch       v2#branch       v3#branch       
--------------------------------------------------------------------------------
751	7.216000e-01	5.611378e-16	5.363389e-14	-1.80641e-11	
752	7.226000e-01	6.810368e-16	5.420127e-14	-1.80684e-11	
753	7.236000e-01	7.849248e-16	5.463541e-14	-1.80706e-11	
754	7.246000e-01	8.673758e-16	5.497341e-14	-1.80688e-11	
755	7.256000e-01	9.538103e-16	5.518831e-14	-1.80577e-11	
756	7.266000e-01	1.068761e-15	5.535355e-14	-1.80264e-11	
757	7.276000e-01	1.290459e-15	5.550199e-14	-1.79488e-11	
758	7.286000e-01	1.782586e-15	5.586857e-14	-1.77606e-11	
759	7.296000e-01	3.107953e-15	5.696491e-14	-1.72632e-11	
760	7.306000e-01	9.180364e-15	6.228266e-14	-1.50896e-11	
761	7.316000e-01	1.707165e-14	6.921149e-14	-1.21113e-11	
762	7.326000e-01	1.628004e-14	6.735493e-14	-1.00236e-11	
763	7.336000e-01	1.369815e-14	6.438261e-14	-8.61757e-12	
764	7.346000e-01	1.072613e-14	6.107110e-14	-7.71376e-12	
765	7.356000e-01	8.380672e-15	5.871526e-14	-7.07459e-12	
766	7.366000e-01	6.606376e-15	5.689283e-14	-6.66235e-12	
767	7.376000e-01	5.118858e-15	5.556135e-14	-6.34259e-12	
768	7.386000e-01	4.073325e-15	5.460143e-14	-6.14565e-12	
769	7.396000e-01	3.111678e-15	5.389056e-14	-5.97606e-12	
770	7.406000e-01	2.470683e-15	5.341056e-14	-5.88667e-12	
771	7.416000e-01	1.808659e-15	5.305846e-14	-5.79591e-12	
772	7.426000e-01	1.404093e-15	5.286560e-14	-5.76617e-12	
773	7.436000e-01	9.196235e-16	5.273347e-14	-5.72130e-12	
774	7.446000e-01	6.537292e-16	5.271755e-14	-5.72852e-12	
775	7.456000e-01	2.795099e-16	5.273180e-14	-5.71568e-12	
776	7.466000e-01	9.247037e-17	5.282833e-14	-5.75358e-12	
777	7.476000e-01	-2.29620e-16	5.292751e-14	-5.77441e-12	
778	7.486000e-01	-4.02678e-16	5.306750e-14	-5.85302e-12	
779	7.496000e-01	-7.42407e-16	5.317673e-14	-5.92480e-12	
780	7.506000e-01	-9.75016e-16	5.327835e-14	-6.06606e-12	
781	7.516000e-01	-1.40968e-15	5.330592e-14	-6.21055e-12	
782	7.526000e-01	-1.74408e-15	5.331440e-14	-6.42821e-12	
783	7.536000e-01	-2.27161e-15	5.325245e-14	-6.64410e-12	
784	7.546000e-01	-2.64735e-15	5.322831e-14	-6.92094e-12	
785	7.556000e-01	-3.13822e-15	5.322595e-14	-7.17988e-12	
786	7.566000e-01	-3.40152e-15	5.335458e-14	-7.48454e-12	
787	7.576000e-01	-3.72785e-15	5.357233e-14	-7.75975e-12	
788	7.586000e-01	-3.80000e-15	5.395961e-14	-8.07352e-12	
789	7.596000e-01	-3.94506e-15	5.442817e-14	-8.35408e-12	
790	7.606000e-01	-3.86348e-15	5.503587e-14	-8.67093e-12	
791	7.616000e-01	-3.88434e-15	5.569142e-14	-8.95253e-12	
792	7.626000e-01	-3.71598e-15	5.643977e-14	-9.26818e-12	
793	7.636000e-01	-3.67141e-15	5.721099e-14	-9.54612e-12	
794	7.646000e-01	-3.45683e-15	5.805058e-14	-9.85525e-12	
795	7.656000e-01	-3.37374e-15	5.890365e-14	-1.01235e-11	
796	7.666000e-01	-3.13613e-15	5.980159e-14	-1.04201e-11	
797	7.676000e-01	-3.04134e-15	6.069324e-14	-1.06733e-11	
798	7.686000e-01	-2.79157e-15	6.162334e-14	-1.09519e-11	
799	7.696000e-01	-2.69039e-15	6.252379e-14	-1.11842e-11	
800	7.706000e-01	-2.43942e-15	6.343041e-14	-1.14390e-11	
801	7.716000e-01	-2.34067e-15	6.426522e-14	-1.16438e-11	
802	7.726000e-01	-2.08793e-15	6.506984e-14	-1.18669e-11	
803	7.736000e-01	-1.98857e-15	6.577219e-14	-1.20353e-11	
804	7.746000e-01	-1.73245e-15	6.646834e-14	-1.22180e-11	
805	7.756000e-01	-1.62859e-15	6.714610e-14	-1.23444e-11	
806	7.766000e-01	-1.37827e-15	6.791880e-14	-1.24865e-11	
807	7.776000e-01	-1.28952e-15	6.876329e-14	-1.25764e-11	
808	7.786000e-01	-1.06827e-15	6.973748e-14	-1.26878e-11	

Index   time            v1#branch       v2#branch       v3#branch       
--------------------------------------------------------------------------------
809	7.796000e-01	-1.01786e-15	7.077692e-14	-1.27526e-11	
810	7.806000e-01	-8.40862e-16	7.191203e-14	-1.28435e-11	
811	7.816000e-01	-8.25239e-16	7.309254e-14	-1.28917e-11	
812	7.826000e-01	-6.78377e-16	7.433867e-14	-1.29689e-11	
813	7.836000e-01	-6.91738e-16	7.559934e-14	-1.30057e-11	
814	7.846000e-01	-5.61179e-16	7.692395e-14	-1.30731e-11	
815	7.856000e-01	-5.91868e-16	7.824000e-14	-1.31012e-11	
816	7.866000e-01	-4.74002e-16	7.961345e-14	-1.31610e-11	
817	7.876000e-01	-5.13296e-16	8.097327e-14	-1.31822e-11	
818	7.886000e-01	-4.01436e-16	8.238454e-14	-1.32356e-11	
819	7.896000e-01	-4.48848e-16	8.376742e-14	-1.32512e-11	
820	7.906000e-01	-3.42143e-16	8.519840e-14	-1.32993e-11	
821	7.916000e-01	-3.94591e-16	8.659114e-14	-1.33100e-11	
822	7.926000e-01	-2.92331e-16	8.802329e-14	-1.33537e-11	
823	7.936000e-01	-3.48531e-16	8.940841e-14	-1.33603e-11	
824	7.946000e-01	-2.49274e-16	9.082403e-14	-1.34003e-11	
825	7.956000e-01	-3.08576e-16	9.218159e-14	-1.34034e-11	
826	7.966000e-01	-2.11023e-16	9.356224e-14	-1.34401e-11	
827	7.976000e-01	-2.73891e-16	9.486970e-14	-1.34402e-11	
828	7.986000e-01	-1.81016e-16	9.618753e-14	-1.34741e-11	
829	7.996000e-01	-2.42143e-16	9.743872e-14	-1.34717e-11	
830	8.006000e-01	-1.51162e-16	9.868243e-14	-1.35031e-11	
831	8.016000e-01	-2.15711e-16	9.984894e-14	-1.34985e-11	
832	8.026000e-01	-1.27804e-16	1.010029e-13	-1.35280e-11	
833	8.036000e-01	-1.87949e-16	1.020947e-13	-1.35215e-11	
834	8.041000e-01	-1.14242e-16	1.026117e-13	-1.35442e-11	
835	8.042000e-01	2.499524e-14	-3.47050e-14	-1.34664e-11	
836	8.044000e-01	1.036971e-14	-7.65798e-14	-1.33909e-11	
837	8.048000e-01	1.108865e-15	-1.01340e-13	-1.33480e-11	
838	8.056000e-01	-1.50148e-16	-1.02200e-13	-1.33507e-11	
839	8.066000e-01	-3.32169e-17	-1.00633e-13	-1.33588e-11	
840	8.076000e-01	-1.54211e-16	-9.97801e-14	-1.33654e-11	
841	8.086000e-01	-1.07459e-16	-9.84486e-14	-1.33728e-11	
842	8.096000e-01	-1.29479e-16	-9.72286e-14	-1.33793e-11	
843	8.106000e-01	-1.12704e-16	-9.59302e-14	-1.33859e-11	
844	8.116000e-01	-1.20996e-16	-9.46070e-14	-1.33919e-11	
845	8.126000e-01	-1.07888e-16	-9.32647e-14	-1.33978e-11	
846	8.136000e-01	-1.13491e-16	-9.18881e-14	-1.34032e-11	
847	8.146000e-01	-1.04477e-16	-9.05191e-14	-1.34083e-11	
848	8.156000e-01	-1.06955e-16	-8.91082e-14	-1.34134e-11	
849	8.166000e-01	-9.70370e-17	-8.77216e-14	-1.34180e-11	
850	8.176000e-01	-1.02919e-16	-8.63122e-14	-1.34222e-11	
851	8.186000e-01	-9.15757e-17	-8.49254e-14	-1.34264e-11	
852	8.196000e-01	-9.53242e-17	-8.35243e-14	-1.34302e-11	
853	8.206000e-01	-8.48544e-17	-8.21607e-14	-1.34339e-11	
854	8.216000e-01	-9.16015e-17	-8.07943e-14	-1.34374e-11	
855	8.226000e-01	-7.94217e-17	-7.94622e-14	-1.34407e-11	
856	8.236000e-01	-8.27423e-17	-7.81309e-14	-1.34437e-11	
857	8.246000e-01	-7.51705e-17	-7.68555e-14	-1.34466e-11	
858	8.256000e-01	-7.88458e-17	-7.55758e-14	-1.34495e-11	
859	8.266000e-01	-6.79167e-17	-7.43495e-14	-1.34520e-11	
860	8.276000e-01	-7.22434e-17	-7.31302e-14	-1.34544e-11	
861	8.286000e-01	-6.44966e-17	-7.19707e-14	-1.34568e-11	
862	8.296000e-01	-6.66535e-17	-7.08100e-14	-1.34590e-11	
863	8.306000e-01	-5.88693e-17	-6.97148e-14	-1.34612e-11	
864	8.316000e-01	-6.39685e-17	-6.86240e-14	-1.34631e-11	
865	8.326000e-01	-5.29048e-17	-6.75878e-14	-1.34651e-11	
866	8.336000e-01	-5.85672e-17	-6.65631e-14	-1.34669e-11	

Index   time            v1#branch       v2#branch       v3#branch       
--------------------------------------------------------------------------------
867	8.346000e-01	-4.83222e-17	-6.55925e-14	-1.34685e-11	
868	8.356000e-01	-5.39135e-17	-6.46311e-14	-1.34700e-11	
869	8.366000e-01	-4.72088e-17	-6.37284e-14	-1.34715e-11	
870	8.376000e-01	-4.77832e-17	-6.28195e-14	-1.34729e-11	
871	8.386000e-01	-4.41148e-17	-6.19815e-14	-1.34743e-11	
872	8.396000e-01	-4.41372e-17	-6.11293e-14	-1.34757e-11	
873	8.406000e-01	-3.86082e-17	-6.03448e-14	-1.34768e-11	
874	8.416000e-01	-4.33000e-17	-5.95541e-14	-1.34780e-11	
875	8.426000e-01	-3.48874e-17	-5.88175e-14	-1.34791e-11	
876	8.436000e-01	-3.93399e-17	-5.80776e-14	-1.34801e-11	
877	8.446000e-01	-3.24110e-17	-5.73921e-14	-1.34810e-11	
878	8.456000e-01	-3.67862e-17	-5.66991e-14	-1.34820e-11	
879	8.466000e-01	-2.90927e-17	-5.60579e-14	-1.34829e-11	
880	8.476000e-01	-3.61378e-17	-5.54124e-14	-1.34839e-11	
881	8.486000e-01	-2.53004e-17	-5.48087e-14	-1.34846e-11	
882	8.496000e-01	-3.47880e-17	-5.42071e-14	-1.34855e-11	
883	8.506000e-01	-2.24767e-17	-5.36400e-14	-1.34862e-11	
884	8.516000e-01	-3.34449e-17	-5.30777e-14	-1.34870e-11	
885	8.526000e-01	-2.01670e-17	-5.25449e-14	-1.34876e-11	
886	8.536000e-01	-3.12292e-17	-5.20172e-14	-1.34882e-11	
887	8.546000e-01	-1.97343e-17	-5.15197e-14	-1.34890e-11	
888	8.556000e-01	-2.74010e-17	-5.10191e-14	-1.34895e-11	
889	8.566000e-01	-1.95592e-17	-5.05569e-14	-1.34901e-11	
890	8.576000e-01	-2.46974e-17	-5.00822e-14	-1.34907e-11	
891	8.586000e-01	-1.75757e-17	-4.96492e-14	-1.34911e-11	
892	8.596000e-01	-2.45820e-17	-4.92037e-14	-1.34917e-11	
893	8.606000e-01	-1.51151e-17	-4.87937e-14	-1.34921e-11	
894	8.616000e-01	-2.40644e-17	-4.83758e-14	-1.34927e-11	
895	8.626000e-01	-1.35591e-17	-4.79885e-14	-1.34931e-11	
896	8.636000e-01	-2.10868e-17	-4.75922e-14	-1.34936e-11	
897	8.646000e-01	-1.24449e-17	-4.72295e-14	-1.34940e-11	
898	8.656000e-01	-1.93446e-17	-4.68540e-14	-1.34944e-11	
899	8.666000e-01	-8.35455e-18	-4.65096e-14	-1.34949e-11	
900	8.676000e-01	-1.92672e-17	-4.61590e-14	-1.34953e-11	
901	8.686000e-01	-4.64528e-18	-4.58298e-14	-1.34957e-11	
902	8.696000e-01	-1.46173e-17	-4.54974e-14	-1.34959e-11	
903	8.706000e-01	-4.64363e-18	-4.51918e-14	-1.34963e-11	
904	8.716000e-01	-6.63041e-18	-4.48682e-14	-1.34965e-11	
905	8.726000e-01	2.370441e-18	-4.45817e-14	-1.34969e-11	
906	8.736000e-01	-1.79564e-18	-4.42774e-14	-1.34973e-11	
907	8.746000e-01	1.291036e-17	-4.40014e-14	-1.34975e-11	
908	8.756000e-01	1.088577e-17	-4.37116e-14	-1.34978e-11	
909	8.766000e-01	2.616355e-17	-4.34512e-14	-1.34981e-11	
910	8.776000e-01	2.954329e-17	-4.31718e-14	-1.34984e-11	
911	8.786000e-01	5.251111e-17	-4.29197e-14	-1.34987e-11	
912	8.796000e-01	6.182065e-17	-4.26506e-14	-1.34989e-11	
913	8.806000e-01	9.290597e-17	-4.24066e-14	-1.34992e-11	
914	8.816000e-01	1.118045e-16	-4.21443e-14	-1.34995e-11	
915	8.826000e-01	1.576656e-16	-4.19024e-14	-1.34996e-11	
916	8.836000e-01	1.978183e-16	-4.16366e-14	-1.34998e-11	
917	8.846000e-01	2.686917e-16	-4.13885e-14	-1.34999e-11	
918	8.856000e-01	3.341806e-16	-4.11175e-14	-1.35001e-11	
919	8.866000e-01	4.484085e-16	-4.08476e-14	-1.35003e-11	
920	8.876000e-01	5.657630e-16	-4.05490e-14	-1.35003e-11	
921	8.886000e-01	7.418305e-16	-4.02442e-14	-1.35004e-11	
922	8.896000e-01	9.409127e-16	-3.98944e-14	-1.35005e-11	
923	8.906000e-01	1.217166e-15	-3.95246e-14	-1.35004e-11	
924	8.916000e-01	1.548541e-15	-3.90833e-14	-1.35002e-11	

Index   time            v1#branch       v2#branch       v3#branch       
--------------------------------------------------------------------------------
925	8.926000e-01	1.983499e-15	-3.86028e-14	-1.34999e-11	
926	8.936000e-01	2.508047e-15	-3.80245e-14	-1.34994e-11	
927	8.946000e-01	3.184591e-15	-3.73685e-14	-1.34987e-11	
928	8.956000e-01	3.994429e-15	-3.65829e-14	-1.34973e-11	
929	8.966000e-01	5.005360e-15	-3.56836e-14	-1.34956e-11	
930	8.976000e-01	6.196173e-15	-3.46225e-14	-1.34927e-11	
931	8.986000e-01	7.628079e-15	-3.34231e-14	-1.34884e-11	
932	8.996000e-01	9.266582e-15	-3.20511e-14	-1.34820e-11	
933	9.006000e-01	1.113955e-14	-3.05624e-14	-1.34729e-11	
934	9.016000e-01	1.319181e-14	-2.89417e-14	-1.34595e-11	
935	9.026000e-01	1.541013e-14	-2.72838e-14	-1.34407e-11	
936	9.036000e-01	1.769511e-14	-2.56117e-14	-1.34148e-11	
937	9.046000e-01	2.001741e-14	-2.40267e-14	-1.33799e-11	
938	9.056000e-01	2.225524e-14	-2.25584e-14	-1.33346e-11	
939	9.066000e-01	2.438883e-14	-2.12761e-14	-1.32778e-11	
940	9.076000e-01	2.631502e-14	-2.01709e-14	-1.32097e-11	
941	9.086000e-01	2.804493e-14	-1.92746e-14	-1.31309e-11	
942	9.096000e-01	2.951628e-14	-1.85484e-14	-1.30427e-11	
943	9.106000e-01	3.078181e-14	-1.80034e-14	-1.29469e-11	
944	9.116000e-01	3.180421e-14	-1.75965e-14	-1.28452e-11	
945	9.126000e-01	3.265412e-14	-1.73368e-14	-1.27392e-11	
946	9.136000e-01	3.331816e-14	-1.71671e-14	-1.26303e-11	
947	9.146000e-01	3.386289e-14	-1.71054e-14	-1.25202e-11	
948	9.156000e-01	3.427109e-14	-1.71001e-14	-1.24098e-11	
949	9.166000e-01	3.461176e-14	-1.71666e-14	-1.23010e-11	
950	9.176000e-01	3.485403e-14	-1.72650e-14	-1.21961e-11	
951	9.186000e-01	3.505156e-14	-1.74231e-14	-1.20987e-11	
952	9.196000e-01	3.515383e-14	-1.76171e-14	-1.20178e-11	
953	9.206000e-01	3.517217e-14	-1.79118e-14	-1.19715e-11	
954	9.216000e-01	3.497860e-14	-1.83507e-14	-1.20011e-11	
955	9.226000e-01	3.438307e-14	-1.91781e-14	-1.22040e-11	
956	9.236000e-01	3.275755e-14	-2.08867e-14	-1.28169e-11	
957	9.246000e-01	2.852148e-14	-2.49815e-14	-1.44530e-11	
958	9.256000e-01	1.551392e-14	-3.71534e-14	-1.89987e-11	
959	9.266000e-01	-2.49787e-14	-7.63500e-14	-3.20954e-11	
960	9.276000e-01	-5.14017e-13	-6.46045e-13	-3.16959e-10	
961	9.286000e-01	7.627962e-13	6.306001e-13	-3.34799e-11	
962	9.296000e-01	-7.84827e-13	-8.34759e-13	-1.20669e-10	
963	9.306000e-01	5.051722e-13	3.947700e-13	1.300045e-11	
964	9.316000e-01	-6.97279e-13	-7.57383e-13	-9.81107e-11	
965	9.326000e-01	5.314865e-13	4.278751e-13	2.608371e-11	
966	9.336000e-01	-6.65656e-13	-7.26509e-13	-8.97789e-11	
967	9.346000e-01	5.597847e-13	4.585619e-13	3.186863e-11	
968	9.356000e-01	-6.37248e-13	-6.93808e-13	-8.56176e-11	
969	9.366000e-01	5.853263e-13	4.899316e-13	3.496339e-11	
970	9.376000e-01	-6.14334e-13	-6.65856e-13	-8.32551e-11	
971	9.386000e-01	6.010695e-13	5.092983e-13	3.682352e-11	
972	9.396000e-01	-6.04505e-13	-6.54840e-13	-8.17552e-11	
973	9.406000e-01	6.057258e-13	5.136784e-13	3.805873e-11	
974	9.416000e-01	-6.01993e-13	-6.53967e-13	-8.07266e-11	
975	9.426000e-01	6.066175e-13	5.123298e-13	3.892534e-11	
976	9.436000e-01	-6.01462e-13	-6.56257e-13	-7.99916e-11	
977	9.446000e-01	6.065419e-13	5.092044e-13	3.955411e-11	
978	9.456000e-01	-6.01549e-13	-6.59653e-13	-7.94512e-11	
979	9.466000e-01	6.061907e-13	5.054747e-13	4.002159e-11	
980	9.476000e-01	-6.01826e-13	-6.63416e-13	-7.90454e-11	
981	9.486000e-01	6.057984e-13	5.016056e-13	4.037537e-11	
982	9.496000e-01	-6.02135e-13	-6.67233e-13	-7.87361e-11	

Index   time            v1#branch       v2#branch       v3#branch       
--------------------------------------------------------------------------------
983	9.506000e-01	6.054419e-13	4.977969e-13	4.064668e-11	
984	9.516000e-01	-6.02422e-13	-6.70959e-13	-7.84974e-11	
985	9.526000e-01	6.051404e-13	4.941394e-13	4.085708e-11	
986	9.536000e-01	-6.02671e-13	-6.74525e-13	-7.83115e-11	
987	9.546000e-01	6.048940e-13	4.906793e-13	4.102149e-11	
988	9.556000e-01	-6.02881e-13	-6.77895e-13	-7.81656e-11	
989	9.566000e-01	6.046951e-13	4.874374e-13	4.115075e-11	
990	9.576000e-01	-6.03055e-13	-6.81049e-13	-7.80505e-11	
991	9.586000e-01	6.045360e-13	4.844245e-13	4.125273e-11	
992	9.596000e-01	-6.03200e-13	-6.83980e-13	-7.79594e-11	
993	9.606000e-01	6.044094e-13	4.816433e-13	4.133393e-11	
994	9.616000e-01	-6.03319e-13	-6.86686e-13	-7.78867e-11	
995	9.626000e-01	6.043089e-13	4.790903e-13	4.139849e-11	
996	9.636000e-01	-6.03418e-13	-6.89172e-13	-7.78289e-11	
997	9.646000e-01	6.042290e-13	4.767578e-13	4.145005e-11	
998	9.656000e-01	-6.03499e-13	-6.91443e-13	-7.77824e-11	
999	9.666000e-01	6.041664e-13	4.746379e-13	4.149134e-11	
1000	9.676000e-01	-6.03568e-13	-6.93514e-13	-7.77452e-11	
1001	9.686000e-01	6.041170e-13	4.727167e-13	4.152441e-11	
1002	9.696000e-01	-6.03626e-13	-6.95394e-13	-7.77152e-11	
1003	9.706000e-01	6.040782e-13	4.709804e-13	4.155099e-11	
1004	9.716000e-01	-6.03674e-13	-6.97096e-13	-7.76910e-11	
1005	9.726000e-01	6.040488e-13	4.694181e-13	4.157241e-11	
1006	9.736000e-01	-6.03715e-13	-6.98635e-13	-7.76716e-11	
1007	9.746000e-01	6.040262e-13	4.680125e-13	4.158959e-11	
1008	9.756000e-01	-6.03751e-13	-7.00024e-13	-7.76557e-11	
1009	9.766000e-01	6.040094e-13	4.667513e-13	4.160356e-11	
1010	9.776000e-01	-6.03781e-13	-7.01278e-13	-7.76430e-11	
1011	9.786000e-01	6.039973e-13	4.656201e-13	4.161480e-11	
1012	9.796000e-01	-6.03808e-13	-7.02410e-13	-7.76326e-11	
1013	9.806000e-01	6.039887e-13	4.646057e-13	4.162387e-11	
1014	9.816000e-01	-6.03832e-13	-7.03430e-13	-7.76241e-11	
1015	9.826000e-01	6.039835e-13	4.636974e-13	4.163121e-11	
1016	9.836000e-01	-6.03853e-13	-7.04352e-13	-7.76171e-11	
1017	9.846000e-01	6.039811e-13	4.628845e-13	4.163719e-11	
1018	9.856000e-01	-6.03872e-13	-7.05186e-13	-7.76115e-11	
1019	9.866000e-01	6.039802e-13	4.621537e-13	4.164199e-11	
1020	9.876000e-01	-6.03889e-13	-7.05941e-13	-7.76068e-11	
1021	9.886000e-01	6.039813e-13	4.614990e-13	4.164593e-11	
1022	9.896000e-01	-6.03905e-13	-7.06626e-13	-7.76029e-11	
1023	9.906000e-01	6.039840e-13	4.609110e-13	4.164919e-11	
1024	9.916000e-01	-6.03920e-13	-7.07248e-13	-7.75998e-11	
1025	9.926000e-01	6.039874e-13	4.603810e-13	4.165159e-11	
1026	9.936000e-01	-6.03934e-13	-7.07816e-13	-7.75972e-11	
1027	9.946000e-01	6.039923e-13	4.599053e-13	4.165379e-11	
1028	9.956000e-01	-6.03946e-13	-7.08334e-13	-7.75950e-11	
1029	9.966000e-01	6.039974e-13	4.594738e-13	4.165543e-11	
1030	9.976000e-01	-6.03959e-13	-7.08809e-13	-7.75932e-11	
1031	9.986000e-01	6.040033e-13	4.590841e-13	4.165688e-11	
1032	9.996000e-01	-6.03971e-13	-7.09246e-13	-7.75915e-11	
1033	1.000000e+00	6.040195e-13	4.588766e-13	4.165761e-11	

                * c:\users\vansh\esim-workspace\opamp\opamp.cir
                Transient Analysis  Sat Oct 08 21:44:16  2022
--------------------------------------------------------------------------------
Index   time            v4#branch       
--------------------------------------------------------------------------------
0	0.000000e+00	-1.35413e-11	
1	1.000000e-06	-1.35415e-11	
2	2.000000e-06	-1.35414e-11	
3	4.000000e-06	-1.35414e-11	
4	8.000000e-06	-1.35414e-11	
5	1.600000e-05	-1.35414e-11	
6	3.200000e-05	-1.35415e-11	
7	6.400000e-05	-1.35414e-11	
8	1.000000e-04	-1.35414e-11	
9	1.064000e-04	-1.35697e-11	
10	1.192000e-04	-1.35684e-11	
11	1.448000e-04	-1.35659e-11	
12	1.960000e-04	-1.35618e-11	
13	2.984000e-04	-1.35558e-11	
14	5.032000e-04	-1.35496e-11	
15	9.128000e-04	-1.35458e-11	
16	1.732000e-03	-1.35449e-11	
17	2.732000e-03	-1.35443e-11	
18	3.732000e-03	-1.35437e-11	
19	4.732000e-03	-1.35434e-11	
20	5.732000e-03	-1.35432e-11	
21	6.732000e-03	-1.35430e-11	
22	7.732000e-03	-1.35429e-11	
23	8.732000e-03	-1.35427e-11	
24	9.732000e-03	-1.35426e-11	
25	1.073200e-02	-1.35425e-11	
26	1.173200e-02	-1.35425e-11	
27	1.273200e-02	-1.35424e-11	
28	1.373200e-02	-1.35424e-11	
29	1.473200e-02	-1.35423e-11	
30	1.573200e-02	-1.35423e-11	
31	1.673200e-02	-1.35422e-11	
32	1.773200e-02	-1.35423e-11	
33	1.873200e-02	-1.35423e-11	
34	1.973200e-02	-1.35422e-11	
35	2.073200e-02	-1.35422e-11	
36	2.173200e-02	-1.35421e-11	
37	2.273200e-02	-1.35421e-11	
38	2.373200e-02	-1.35420e-11	
39	2.473200e-02	-1.35421e-11	
40	2.573200e-02	-1.35421e-11	
41	2.673200e-02	-1.35421e-11	
42	2.773200e-02	-1.35420e-11	
43	2.873200e-02	-1.35420e-11	
44	2.973200e-02	-1.35419e-11	
45	3.073200e-02	-1.35419e-11	
46	3.173200e-02	-1.35419e-11	
47	3.273200e-02	-1.35419e-11	
48	3.373200e-02	-1.35419e-11	
49	3.473200e-02	-1.35419e-11	
50	3.573200e-02	-1.35419e-11	
51	3.673200e-02	-1.35419e-11	
52	3.773200e-02	-1.35419e-11	
53	3.873200e-02	-1.35419e-11	
54	3.973200e-02	-1.35419e-11	

Index   time            v4#branch       
--------------------------------------------------------------------------------
55	4.073200e-02	-1.35418e-11	
56	4.173200e-02	-1.35419e-11	
57	4.273200e-02	-1.35419e-11	
58	4.373200e-02	-1.35419e-11	
59	4.473200e-02	-1.35418e-11	
60	4.573200e-02	-1.35419e-11	
61	4.673200e-02	-1.35418e-11	
62	4.773200e-02	-1.35418e-11	
63	4.873200e-02	-1.35419e-11	
64	4.973200e-02	-1.35419e-11	
65	5.073200e-02	-1.35419e-11	
66	5.173200e-02	-1.35418e-11	
67	5.273200e-02	-1.35418e-11	
68	5.373200e-02	-1.35419e-11	
69	5.473200e-02	-1.35418e-11	
70	5.573200e-02	-1.35419e-11	
71	5.673200e-02	-1.35419e-11	
72	5.773200e-02	-1.35418e-11	
73	5.873200e-02	-1.35419e-11	
74	5.973200e-02	-1.35419e-11	
75	6.073200e-02	-1.35419e-11	
76	6.173200e-02	-1.35419e-11	
77	6.273200e-02	-1.35419e-11	
78	6.373200e-02	-1.35419e-11	
79	6.473200e-02	-1.35419e-11	
80	6.573200e-02	-1.35419e-11	
81	6.673200e-02	-1.35419e-11	
82	6.773200e-02	-1.35418e-11	
83	6.873200e-02	-1.35418e-11	
84	6.973200e-02	-1.35418e-11	
85	7.073200e-02	-1.35417e-11	
86	7.173200e-02	-1.35417e-11	
87	7.273200e-02	-1.35417e-11	
88	7.373200e-02	-1.35417e-11	
89	7.473200e-02	-1.35416e-11	
90	7.573200e-02	-1.35416e-11	
91	7.673200e-02	-1.35416e-11	
92	7.773200e-02	-1.35416e-11	
93	7.873200e-02	-1.35414e-11	
94	7.973200e-02	-1.35412e-11	
95	8.073200e-02	-1.35412e-11	
96	8.173200e-02	-1.35410e-11	
97	8.273200e-02	-1.35407e-11	
98	8.373200e-02	-1.35404e-11	
99	8.473200e-02	-1.35399e-11	
100	8.573200e-02	-1.35395e-11	
101	8.673200e-02	-1.35386e-11	
102	8.773200e-02	-1.35376e-11	
103	8.873200e-02	-1.35364e-11	
104	8.973200e-02	-1.35349e-11	
105	9.073200e-02	-1.35326e-11	
106	9.173200e-02	-1.35296e-11	
107	9.273200e-02	-1.35256e-11	
108	9.373200e-02	-1.35202e-11	
109	9.473200e-02	-1.35132e-11	
110	9.573200e-02	-1.35034e-11	
111	9.673200e-02	-1.34903e-11	
112	9.773200e-02	-1.34726e-11	

Index   time            v4#branch       
--------------------------------------------------------------------------------
113	9.873200e-02	-1.34493e-11	
114	9.973200e-02	-1.34182e-11	
115	1.007320e-01	-1.33780e-11	
116	1.017320e-01	-1.33276e-11	
117	1.027320e-01	-1.32658e-11	
118	1.037320e-01	-1.31934e-11	
119	1.047320e-01	-1.31106e-11	
120	1.057320e-01	-1.30192e-11	
121	1.067320e-01	-1.29208e-11	
122	1.077320e-01	-1.28171e-11	
123	1.087320e-01	-1.27095e-11	
124	1.097320e-01	-1.25996e-11	
125	1.107320e-01	-1.24887e-11	
126	1.117320e-01	-1.23781e-11	
127	1.127320e-01	-1.22694e-11	
128	1.137320e-01	-1.21649e-11	
129	1.147320e-01	-1.20693e-11	
130	1.157320e-01	-1.19916e-11	
131	1.167320e-01	-1.19525e-11	
132	1.177320e-01	-1.19983e-11	
133	1.187320e-01	-1.22387e-11	
134	1.197320e-01	-1.29421e-11	
135	1.207320e-01	-1.48560e-11	
136	1.217320e-01	-2.00528e-11	
137	1.227320e-01	-3.55352e-11	
138	1.237320e-01	-3.11212e-10	
139	1.247320e-01	-3.56776e-11	
140	1.257320e-01	-1.18205e-10	
141	1.267320e-01	1.016112e-11	
142	1.277320e-01	-9.56382e-11	
143	1.287320e-01	2.323360e-11	
144	1.297320e-01	-8.72831e-11	
145	1.307320e-01	2.905154e-11	
146	1.317320e-01	-8.30780e-11	
147	1.327320e-01	3.219112e-11	
148	1.337320e-01	-8.06727e-11	
149	1.347320e-01	3.408121e-11	
150	1.357320e-01	-7.91552e-11	
151	1.367320e-01	3.532336e-11	
152	1.377320e-01	-7.81244e-11	
153	1.387320e-01	3.618874e-11	
154	1.397320e-01	-7.73918e-11	
155	1.407320e-01	3.681405e-11	
156	1.417320e-01	-7.68550e-11	
157	1.427320e-01	3.727722e-11	
158	1.437320e-01	-7.64536e-11	
159	1.447320e-01	3.762645e-11	
160	1.457320e-01	-7.61485e-11	
161	1.467320e-01	3.789358e-11	
162	1.477320e-01	-7.59139e-11	
163	1.487320e-01	3.809987e-11	
164	1.497320e-01	-7.57318e-11	
165	1.507320e-01	3.826051e-11	
166	1.517320e-01	-7.55896e-11	
167	1.527320e-01	3.838633e-11	
168	1.537320e-01	-7.54779e-11	
169	1.547320e-01	3.848533e-11	
170	1.557320e-01	-7.53898e-11	

Index   time            v4#branch       
--------------------------------------------------------------------------------
171	1.567320e-01	3.856347e-11	
172	1.577320e-01	-7.53200e-11	
173	1.587320e-01	3.862531e-11	
174	1.597320e-01	-7.52647e-11	
175	1.607320e-01	3.867452e-11	
176	1.617320e-01	-7.52207e-11	
177	1.627320e-01	3.871366e-11	
178	1.637320e-01	-7.51856e-11	
179	1.647320e-01	3.874475e-11	
180	1.657320e-01	-7.51576e-11	
181	1.667320e-01	3.876951e-11	
182	1.677320e-01	-7.51351e-11	
183	1.687320e-01	3.878938e-11	
184	1.697320e-01	-7.51173e-11	
185	1.707320e-01	3.880522e-11	
186	1.717320e-01	-7.51028e-11	
187	1.727320e-01	3.881778e-11	
188	1.737320e-01	-7.50914e-11	
189	1.747320e-01	3.882788e-11	
190	1.757320e-01	-7.50822e-11	
191	1.767320e-01	3.883594e-11	
192	1.777320e-01	-7.50748e-11	
193	1.787320e-01	3.884251e-11	
194	1.797320e-01	-7.50687e-11	
195	1.807320e-01	3.884751e-11	
196	1.817320e-01	-7.50638e-11	
197	1.827320e-01	3.885162e-11	
198	1.837320e-01	-7.50601e-11	
199	1.847320e-01	3.885487e-11	
200	1.857320e-01	-7.50570e-11	
201	1.867320e-01	3.885753e-11	
202	1.877320e-01	-7.50544e-11	
203	1.887320e-01	3.885954e-11	
204	1.897320e-01	-7.50523e-11	
205	1.907320e-01	3.886127e-11	
206	1.917320e-01	-7.50506e-11	
207	1.927320e-01	3.886242e-11	
208	1.937320e-01	-7.50493e-11	
209	1.947320e-01	3.886346e-11	
210	1.957320e-01	-7.50481e-11	
211	1.967320e-01	3.886431e-11	
212	1.977320e-01	-7.50473e-11	
213	1.987320e-01	3.886487e-11	
214	1.997320e-01	-7.50465e-11	
215	2.001000e-01	3.886519e-11	
216	2.002000e-01	-1.80880e-11	
217	2.004000e-01	-1.80876e-11	
218	2.008000e-01	-1.80865e-11	
219	2.016000e-01	-1.80853e-11	
220	2.021000e-01	-1.80842e-11	
221	2.022000e-01	-1.80818e-11	
222	2.024000e-01	-1.80812e-11	
223	2.028000e-01	-1.80799e-11	
224	2.036000e-01	-1.80779e-11	
225	2.046000e-01	-1.80764e-11	
226	2.056000e-01	-1.80757e-11	
227	2.066000e-01	-1.80756e-11	
228	2.076000e-01	-1.80757e-11	

Index   time            v4#branch       
--------------------------------------------------------------------------------
229	2.086000e-01	-1.80759e-11	
230	2.096000e-01	-1.80764e-11	
231	2.106000e-01	-1.80769e-11	
232	2.116000e-01	-1.80776e-11	
233	2.126000e-01	-1.80780e-11	
234	2.136000e-01	-1.80786e-11	
235	2.146000e-01	-1.80792e-11	
236	2.156000e-01	-1.80796e-11	
237	2.166000e-01	-1.80801e-11	
238	2.176000e-01	-1.80805e-11	
239	2.186000e-01	-1.80809e-11	
240	2.196000e-01	-1.80812e-11	
241	2.206000e-01	-1.80815e-11	
242	2.216000e-01	-1.80820e-11	
243	2.226000e-01	-1.80822e-11	
244	2.236000e-01	-1.80825e-11	
245	2.246000e-01	-1.80827e-11	
246	2.256000e-01	-1.80828e-11	
247	2.266000e-01	-1.80830e-11	
248	2.276000e-01	-1.80832e-11	
249	2.286000e-01	-1.80834e-11	
250	2.296000e-01	-1.80835e-11	
251	2.306000e-01	-1.80836e-11	
252	2.316000e-01	-1.80838e-11	
253	2.326000e-01	-1.80840e-11	
254	2.336000e-01	-1.80840e-11	
255	2.346000e-01	-1.80841e-11	
256	2.356000e-01	-1.80843e-11	
257	2.366000e-01	-1.80843e-11	
258	2.376000e-01	-1.80842e-11	
259	2.386000e-01	-1.80843e-11	
260	2.396000e-01	-1.80845e-11	
261	2.406000e-01	-1.80846e-11	
262	2.416000e-01	-1.80846e-11	
263	2.426000e-01	-1.80847e-11	
264	2.436000e-01	-1.80847e-11	
265	2.446000e-01	-1.80848e-11	
266	2.456000e-01	-1.80849e-11	
267	2.466000e-01	-1.80850e-11	
268	2.476000e-01	-1.80850e-11	
269	2.486000e-01	-1.80851e-11	
270	2.496000e-01	-1.80850e-11	
271	2.506000e-01	-1.80852e-11	
272	2.516000e-01	-1.80852e-11	
273	2.526000e-01	-1.80853e-11	
274	2.536000e-01	-1.80854e-11	
275	2.546000e-01	-1.80854e-11	
276	2.556000e-01	-1.80854e-11	
277	2.566000e-01	-1.80855e-11	
278	2.576000e-01	-1.80856e-11	
279	2.586000e-01	-1.80856e-11	
280	2.596000e-01	-1.80857e-11	
281	2.606000e-01	-1.80857e-11	
282	2.616000e-01	-1.80857e-11	
283	2.626000e-01	-1.80858e-11	
284	2.636000e-01	-1.80858e-11	
285	2.646000e-01	-1.80858e-11	
286	2.656000e-01	-1.80859e-11	

Index   time            v4#branch       
--------------------------------------------------------------------------------
287	2.666000e-01	-1.80860e-11	
288	2.676000e-01	-1.80860e-11	
289	2.686000e-01	-1.80860e-11	
290	2.696000e-01	-1.80860e-11	
291	2.706000e-01	-1.80862e-11	
292	2.716000e-01	-1.80861e-11	
293	2.726000e-01	-1.80860e-11	
294	2.736000e-01	-1.80860e-11	
295	2.746000e-01	-1.80860e-11	
296	2.756000e-01	-1.80861e-11	
297	2.766000e-01	-1.80860e-11	
298	2.776000e-01	-1.80859e-11	
299	2.786000e-01	-1.80857e-11	
300	2.796000e-01	-1.80856e-11	
301	2.806000e-01	-1.80855e-11	
302	2.816000e-01	-1.80853e-11	
303	2.826000e-01	-1.80848e-11	
304	2.836000e-01	-1.80844e-11	
305	2.846000e-01	-1.80839e-11	
306	2.856000e-01	-1.80833e-11	
307	2.866000e-01	-1.80825e-11	
308	2.876000e-01	-1.80814e-11	
309	2.886000e-01	-1.80800e-11	
310	2.896000e-01	-1.80783e-11	
311	2.906000e-01	-1.80761e-11	
312	2.916000e-01	-1.80734e-11	
313	2.926000e-01	-1.80702e-11	
314	2.936000e-01	-1.80660e-11	
315	2.946000e-01	-1.80610e-11	
316	2.956000e-01	-1.80550e-11	
317	2.966000e-01	-1.80476e-11	
318	2.976000e-01	-1.80390e-11	
319	2.986000e-01	-1.80290e-11	
320	2.996000e-01	-1.80178e-11	
321	3.006000e-01	-1.80053e-11	
322	3.016000e-01	-1.79924e-11	
323	3.026000e-01	-1.79798e-11	
324	3.036000e-01	-1.79688e-11	
325	3.046000e-01	-1.79601e-11	
326	3.056000e-01	-1.79545e-11	
327	3.066000e-01	-1.79515e-11	
328	3.076000e-01	-1.79512e-11	
329	3.086000e-01	-1.79528e-11	
330	3.096000e-01	-1.79560e-11	
331	3.106000e-01	-1.79602e-11	
332	3.116000e-01	-1.79655e-11	
333	3.126000e-01	-1.79710e-11	
334	3.136000e-01	-1.79769e-11	
335	3.146000e-01	-1.79830e-11	
336	3.156000e-01	-1.79889e-11	
337	3.166000e-01	-1.79947e-11	
338	3.176000e-01	-1.80002e-11	
339	3.186000e-01	-1.80054e-11	
340	3.196000e-01	-1.80099e-11	
341	3.206000e-01	-1.80135e-11	
342	3.216000e-01	-1.80152e-11	
343	3.226000e-01	-1.80128e-11	
344	3.236000e-01	-1.80015e-11	

Index   time            v4#branch       
--------------------------------------------------------------------------------
345	3.246000e-01	-1.79701e-11	
346	3.256000e-01	-1.78920e-11	
347	3.266000e-01	-1.77028e-11	
348	3.276000e-01	-1.72032e-11	
349	3.286000e-01	-1.50181e-11	
350	3.296000e-01	-1.20249e-11	
351	3.306000e-01	-9.94006e-12	
352	3.316000e-01	-8.53937e-12	
353	3.326000e-01	-7.64181e-12	
354	3.336000e-01	-7.00745e-12	
355	3.346000e-01	-6.59865e-12	
356	3.356000e-01	-6.28186e-12	
357	3.366000e-01	-6.08703e-12	
358	3.376000e-01	-5.91899e-12	
359	3.386000e-01	-5.83076e-12	
360	3.396000e-01	-5.74101e-12	
361	3.406000e-01	-5.71184e-12	
362	3.416000e-01	-5.66777e-12	
363	3.426000e-01	-5.67516e-12	
364	3.436000e-01	-5.66265e-12	
365	3.446000e-01	-5.70066e-12	
366	3.456000e-01	-5.72167e-12	
367	3.466000e-01	-5.80012e-12	
368	3.476000e-01	-5.87231e-12	
369	3.486000e-01	-6.01382e-12	
370	3.496000e-01	-6.15881e-12	
371	3.506000e-01	-6.37657e-12	
372	3.516000e-01	-6.59315e-12	
373	3.526000e-01	-6.87041e-12	
374	3.536000e-01	-7.12989e-12	
375	3.546000e-01	-7.43459e-12	
376	3.556000e-01	-7.70983e-12	
377	3.566000e-01	-8.02339e-12	
378	3.576000e-01	-8.30363e-12	
379	3.586000e-01	-8.61982e-12	
380	3.596000e-01	-8.90078e-12	
381	3.606000e-01	-9.21552e-12	
382	3.616000e-01	-9.49252e-12	
383	3.626000e-01	-9.80053e-12	
384	3.636000e-01	-1.00680e-11	
385	3.646000e-01	-1.03634e-11	
386	3.656000e-01	-1.06156e-11	
387	3.666000e-01	-1.08930e-11	
388	3.676000e-01	-1.11244e-11	
389	3.686000e-01	-1.13780e-11	
390	3.696000e-01	-1.15818e-11	
391	3.706000e-01	-1.18039e-11	
392	3.716000e-01	-1.19715e-11	
393	3.726000e-01	-1.21531e-11	
394	3.736000e-01	-1.22787e-11	
395	3.746000e-01	-1.24199e-11	
396	3.756000e-01	-1.25090e-11	
397	3.766000e-01	-1.26190e-11	
398	3.776000e-01	-1.26828e-11	
399	3.786000e-01	-1.27723e-11	
400	3.796000e-01	-1.28195e-11	
401	3.806000e-01	-1.28952e-11	
402	3.816000e-01	-1.29309e-11	

Index   time            v4#branch       
--------------------------------------------------------------------------------
403	3.826000e-01	-1.29968e-11	
404	3.836000e-01	-1.30236e-11	
405	3.846000e-01	-1.30818e-11	
406	3.856000e-01	-1.31016e-11	
407	3.866000e-01	-1.31536e-11	
408	3.876000e-01	-1.31678e-11	
409	3.886000e-01	-1.32145e-11	
410	3.896000e-01	-1.32237e-11	
411	3.906000e-01	-1.32661e-11	
412	3.916000e-01	-1.32712e-11	
413	3.926000e-01	-1.33096e-11	
414	3.936000e-01	-1.33115e-11	
415	3.946000e-01	-1.33468e-11	
416	3.956000e-01	-1.33456e-11	
417	3.966000e-01	-1.33781e-11	
418	3.976000e-01	-1.33745e-11	
419	3.986000e-01	-1.34045e-11	
420	3.996000e-01	-1.33988e-11	
421	4.006000e-01	-1.34271e-11	
422	4.016000e-01	-1.34195e-11	
423	4.021000e-01	-1.34416e-11	
424	4.022000e-01	-1.34761e-11	
425	4.024000e-01	-1.34572e-11	
426	4.028000e-01	-1.34483e-11	
427	4.036000e-01	-1.34529e-11	
428	4.046000e-01	-1.34594e-11	
429	4.056000e-01	-1.34654e-11	
430	4.066000e-01	-1.34712e-11	
431	4.076000e-01	-1.34768e-11	
432	4.086000e-01	-1.34819e-11	
433	4.096000e-01	-1.34867e-11	
434	4.106000e-01	-1.34910e-11	
435	4.116000e-01	-1.34952e-11	
436	4.126000e-01	-1.34990e-11	
437	4.136000e-01	-1.35025e-11	
438	4.146000e-01	-1.35057e-11	
439	4.156000e-01	-1.35087e-11	
440	4.166000e-01	-1.35114e-11	
441	4.176000e-01	-1.35138e-11	
442	4.186000e-01	-1.35160e-11	
443	4.196000e-01	-1.35182e-11	
444	4.206000e-01	-1.35201e-11	
445	4.216000e-01	-1.35218e-11	
446	4.226000e-01	-1.35235e-11	
447	4.236000e-01	-1.35249e-11	
448	4.246000e-01	-1.35265e-11	
449	4.256000e-01	-1.35277e-11	
450	4.266000e-01	-1.35288e-11	
451	4.276000e-01	-1.35298e-11	
452	4.286000e-01	-1.35309e-11	
453	4.296000e-01	-1.35317e-11	
454	4.306000e-01	-1.35326e-11	
455	4.316000e-01	-1.35333e-11	
456	4.326000e-01	-1.35341e-11	
457	4.336000e-01	-1.35347e-11	
458	4.346000e-01	-1.35353e-11	
459	4.356000e-01	-1.35358e-11	
460	4.366000e-01	-1.35363e-11	

Index   time            v4#branch       
--------------------------------------------------------------------------------
461	4.376000e-01	-1.35367e-11	
462	4.386000e-01	-1.35372e-11	
463	4.396000e-01	-1.35375e-11	
464	4.406000e-01	-1.35379e-11	
465	4.416000e-01	-1.35381e-11	
466	4.426000e-01	-1.35385e-11	
467	4.436000e-01	-1.35388e-11	
468	4.446000e-01	-1.35390e-11	
469	4.456000e-01	-1.35392e-11	
470	4.466000e-01	-1.35395e-11	
471	4.476000e-01	-1.35397e-11	
472	4.486000e-01	-1.35398e-11	
473	4.496000e-01	-1.35400e-11	
474	4.506000e-01	-1.35401e-11	
475	4.516000e-01	-1.35403e-11	
476	4.526000e-01	-1.35404e-11	
477	4.536000e-01	-1.35406e-11	
478	4.546000e-01	-1.35406e-11	
479	4.556000e-01	-1.35407e-11	
480	4.566000e-01	-1.35408e-11	
481	4.576000e-01	-1.35409e-11	
482	4.586000e-01	-1.35410e-11	
483	4.596000e-01	-1.35409e-11	
484	4.606000e-01	-1.35411e-11	
485	4.616000e-01	-1.35412e-11	
486	4.626000e-01	-1.35412e-11	
487	4.636000e-01	-1.35413e-11	
488	4.646000e-01	-1.35413e-11	
489	4.656000e-01	-1.35413e-11	
490	4.666000e-01	-1.35415e-11	
491	4.676000e-01	-1.35414e-11	
492	4.686000e-01	-1.35415e-11	
493	4.696000e-01	-1.35414e-11	
494	4.706000e-01	-1.35415e-11	
495	4.716000e-01	-1.35414e-11	
496	4.726000e-01	-1.35415e-11	
497	4.736000e-01	-1.35415e-11	
498	4.746000e-01	-1.35415e-11	
499	4.756000e-01	-1.35415e-11	
500	4.766000e-01	-1.35416e-11	
501	4.776000e-01	-1.35414e-11	
502	4.786000e-01	-1.35415e-11	
503	4.796000e-01	-1.35413e-11	
504	4.806000e-01	-1.35413e-11	
505	4.816000e-01	-1.35412e-11	
506	4.826000e-01	-1.35410e-11	
507	4.836000e-01	-1.35409e-11	
508	4.846000e-01	-1.35407e-11	
509	4.856000e-01	-1.35404e-11	
510	4.866000e-01	-1.35399e-11	
511	4.876000e-01	-1.35394e-11	
512	4.886000e-01	-1.35386e-11	
513	4.896000e-01	-1.35378e-11	
514	4.906000e-01	-1.35366e-11	
515	4.916000e-01	-1.35349e-11	
516	4.926000e-01	-1.35328e-11	
517	4.936000e-01	-1.35300e-11	
518	4.946000e-01	-1.35262e-11	

Index   time            v4#branch       
--------------------------------------------------------------------------------
519	4.956000e-01	-1.35212e-11	
520	4.966000e-01	-1.35142e-11	
521	4.976000e-01	-1.35049e-11	
522	4.986000e-01	-1.34923e-11	
523	4.996000e-01	-1.34753e-11	
524	5.006000e-01	-1.34526e-11	
525	5.016000e-01	-1.34226e-11	
526	5.026000e-01	-1.33839e-11	
527	5.036000e-01	-1.33348e-11	
528	5.046000e-01	-1.32747e-11	
529	5.056000e-01	-1.32035e-11	
530	5.066000e-01	-1.31221e-11	
531	5.076000e-01	-1.30318e-11	
532	5.086000e-01	-1.29341e-11	
533	5.096000e-01	-1.28310e-11	
534	5.106000e-01	-1.27239e-11	
535	5.116000e-01	-1.26142e-11	
536	5.126000e-01	-1.25032e-11	
537	5.136000e-01	-1.23926e-11	
538	5.146000e-01	-1.22836e-11	
539	5.156000e-01	-1.21784e-11	
540	5.166000e-01	-1.20811e-11	
541	5.176000e-01	-1.20003e-11	
542	5.186000e-01	-1.19541e-11	
543	5.196000e-01	-1.19844e-11	
544	5.206000e-01	-1.21888e-11	
545	5.216000e-01	-1.28050e-11	
546	5.226000e-01	-1.44495e-11	
547	5.236000e-01	-1.90204e-11	
548	5.246000e-01	-3.21969e-11	
549	5.256000e-01	-3.18122e-10	
550	5.266000e-01	-3.20847e-11	
551	5.276000e-01	-1.22289e-10	
552	5.286000e-01	1.390131e-11	
553	5.296000e-01	-9.95656e-11	
554	5.306000e-01	2.704371e-11	
555	5.316000e-01	-9.11714e-11	
556	5.326000e-01	3.288755e-11	
557	5.336000e-01	-8.69492e-11	
558	5.346000e-01	3.603911e-11	
559	5.356000e-01	-8.45358e-11	
560	5.366000e-01	3.793450e-11	
561	5.376000e-01	-8.30150e-11	
562	5.386000e-01	3.917858e-11	
563	5.396000e-01	-8.19831e-11	
564	5.406000e-01	4.004498e-11	
565	5.416000e-01	-8.12498e-11	
566	5.426000e-01	4.067059e-11	
567	5.436000e-01	-8.07128e-11	
568	5.446000e-01	4.113391e-11	
569	5.456000e-01	-8.03113e-11	
570	5.466000e-01	4.148336e-11	
571	5.476000e-01	-8.00059e-11	
572	5.486000e-01	4.175053e-11	
573	5.496000e-01	-7.97712e-11	
574	5.506000e-01	4.195693e-11	
575	5.516000e-01	-7.95892e-11	
576	5.526000e-01	4.211755e-11	

Index   time            v4#branch       
--------------------------------------------------------------------------------
577	5.536000e-01	-7.94470e-11	
578	5.546000e-01	4.224332e-11	
579	5.556000e-01	-7.93351e-11	
580	5.566000e-01	4.234234e-11	
581	5.576000e-01	-7.92470e-11	
582	5.586000e-01	4.242063e-11	
583	5.596000e-01	-7.91773e-11	
584	5.606000e-01	4.248249e-11	
585	5.616000e-01	-7.91219e-11	
586	5.626000e-01	4.253161e-11	
587	5.636000e-01	-7.90778e-11	
588	5.646000e-01	4.257066e-11	
589	5.656000e-01	-7.90427e-11	
590	5.666000e-01	4.260193e-11	
591	5.676000e-01	-7.90148e-11	
592	5.686000e-01	4.262673e-11	
593	5.696000e-01	-7.89923e-11	
594	5.706000e-01	4.264651e-11	
595	5.716000e-01	-7.89744e-11	
596	5.726000e-01	4.266238e-11	
597	5.736000e-01	-7.89600e-11	
598	5.746000e-01	4.267492e-11	
599	5.756000e-01	-7.89486e-11	
600	5.766000e-01	4.268500e-11	
601	5.776000e-01	-7.89393e-11	
602	5.786000e-01	4.269316e-11	
603	5.796000e-01	-7.89318e-11	
604	5.806000e-01	4.269953e-11	
605	5.816000e-01	-7.89259e-11	
606	5.826000e-01	4.270471e-11	
607	5.836000e-01	-7.89209e-11	
608	5.846000e-01	4.270872e-11	
609	5.856000e-01	-7.89172e-11	
610	5.866000e-01	4.271192e-11	
611	5.876000e-01	-7.89141e-11	
612	5.886000e-01	4.271467e-11	
613	5.896000e-01	-7.89114e-11	
614	5.906000e-01	4.271670e-11	
615	5.916000e-01	-7.89094e-11	
616	5.926000e-01	4.271830e-11	
617	5.936000e-01	-7.89077e-11	
618	5.946000e-01	4.271957e-11	
619	5.956000e-01	-7.89064e-11	
620	5.966000e-01	4.272053e-11	
621	5.976000e-01	-7.89052e-11	
622	5.986000e-01	4.272129e-11	
623	5.996000e-01	-7.89043e-11	
624	6.006000e-01	4.272198e-11	
625	6.016000e-01	-7.89035e-11	
626	6.021000e-01	4.272214e-11	
627	6.022000e-01	-1.80880e-11	
628	6.024000e-01	-1.80878e-11	
629	6.028000e-01	-1.80865e-11	
630	6.036000e-01	-1.80851e-11	
631	6.041000e-01	-1.80842e-11	
632	6.042000e-01	-1.80818e-11	
633	6.044000e-01	-1.80811e-11	
634	6.048000e-01	-1.80798e-11	

Index   time            v4#branch       
--------------------------------------------------------------------------------
635	6.056000e-01	-1.80780e-11	
636	6.066000e-01	-1.80764e-11	
637	6.076000e-01	-1.80757e-11	
638	6.086000e-01	-1.80755e-11	
639	6.096000e-01	-1.80757e-11	
640	6.106000e-01	-1.80759e-11	
641	6.116000e-01	-1.80763e-11	
642	6.126000e-01	-1.80769e-11	
643	6.136000e-01	-1.80775e-11	
644	6.146000e-01	-1.80781e-11	
645	6.156000e-01	-1.80786e-11	
646	6.166000e-01	-1.80791e-11	
647	6.176000e-01	-1.80795e-11	
648	6.186000e-01	-1.80801e-11	
649	6.196000e-01	-1.80804e-11	
650	6.206000e-01	-1.80809e-11	
651	6.216000e-01	-1.80812e-11	
652	6.226000e-01	-1.80815e-11	
653	6.236000e-01	-1.80819e-11	
654	6.246000e-01	-1.80822e-11	
655	6.256000e-01	-1.80824e-11	
656	6.266000e-01	-1.80827e-11	
657	6.276000e-01	-1.80828e-11	
658	6.286000e-01	-1.80830e-11	
659	6.296000e-01	-1.80832e-11	
660	6.306000e-01	-1.80834e-11	
661	6.316000e-01	-1.80835e-11	
662	6.326000e-01	-1.80836e-11	
663	6.336000e-01	-1.80838e-11	
664	6.346000e-01	-1.80839e-11	
665	6.356000e-01	-1.80840e-11	
666	6.366000e-01	-1.80841e-11	
667	6.376000e-01	-1.80842e-11	
668	6.386000e-01	-1.80842e-11	
669	6.396000e-01	-1.80843e-11	
670	6.406000e-01	-1.80844e-11	
671	6.416000e-01	-1.80845e-11	
672	6.426000e-01	-1.80846e-11	
673	6.436000e-01	-1.80846e-11	
674	6.446000e-01	-1.80847e-11	
675	6.456000e-01	-1.80847e-11	
676	6.466000e-01	-1.80848e-11	
677	6.476000e-01	-1.80848e-11	
678	6.486000e-01	-1.80849e-11	
679	6.496000e-01	-1.80851e-11	
680	6.506000e-01	-1.80850e-11	
681	6.516000e-01	-1.80850e-11	
682	6.526000e-01	-1.80852e-11	
683	6.536000e-01	-1.80852e-11	
684	6.546000e-01	-1.80853e-11	
685	6.556000e-01	-1.80853e-11	
686	6.566000e-01	-1.80854e-11	
687	6.576000e-01	-1.80854e-11	
688	6.586000e-01	-1.80855e-11	
689	6.596000e-01	-1.80856e-11	
690	6.606000e-01	-1.80856e-11	
691	6.616000e-01	-1.80857e-11	
692	6.626000e-01	-1.80857e-11	

Index   time            v4#branch       
--------------------------------------------------------------------------------
693	6.636000e-01	-1.80857e-11	
694	6.646000e-01	-1.80859e-11	
695	6.656000e-01	-1.80858e-11	
696	6.666000e-01	-1.80858e-11	
697	6.676000e-01	-1.80859e-11	
698	6.686000e-01	-1.80859e-11	
699	6.696000e-01	-1.80860e-11	
700	6.706000e-01	-1.80860e-11	
701	6.716000e-01	-1.80861e-11	
702	6.726000e-01	-1.80862e-11	
703	6.736000e-01	-1.80861e-11	
704	6.746000e-01	-1.80860e-11	
705	6.756000e-01	-1.80860e-11	
706	6.766000e-01	-1.80860e-11	
707	6.776000e-01	-1.80861e-11	
708	6.786000e-01	-1.80860e-11	
709	6.796000e-01	-1.80859e-11	
710	6.806000e-01	-1.80857e-11	
711	6.816000e-01	-1.80857e-11	
712	6.826000e-01	-1.80854e-11	
713	6.836000e-01	-1.80853e-11	
714	6.846000e-01	-1.80848e-11	
715	6.856000e-01	-1.80844e-11	
716	6.866000e-01	-1.80839e-11	
717	6.876000e-01	-1.80833e-11	
718	6.886000e-01	-1.80824e-11	
719	6.896000e-01	-1.80814e-11	
720	6.906000e-01	-1.80800e-11	
721	6.916000e-01	-1.80783e-11	
722	6.926000e-01	-1.80761e-11	
723	6.936000e-01	-1.80734e-11	
724	6.946000e-01	-1.80701e-11	
725	6.956000e-01	-1.80660e-11	
726	6.966000e-01	-1.80610e-11	
727	6.976000e-01	-1.80550e-11	
728	6.986000e-01	-1.80476e-11	
729	6.996000e-01	-1.80390e-11	
730	7.006000e-01	-1.80290e-11	
731	7.016000e-01	-1.80178e-11	
732	7.026000e-01	-1.80054e-11	
733	7.036000e-01	-1.79924e-11	
734	7.046000e-01	-1.79798e-11	
735	7.056000e-01	-1.79688e-11	
736	7.066000e-01	-1.79601e-11	
737	7.076000e-01	-1.79546e-11	
738	7.086000e-01	-1.79515e-11	
739	7.096000e-01	-1.79512e-11	
740	7.106000e-01	-1.79528e-11	
741	7.116000e-01	-1.79559e-11	
742	7.126000e-01	-1.79603e-11	
743	7.136000e-01	-1.79655e-11	
744	7.146000e-01	-1.79711e-11	
745	7.156000e-01	-1.79770e-11	
746	7.166000e-01	-1.79830e-11	
747	7.176000e-01	-1.79889e-11	
748	7.186000e-01	-1.79947e-11	
749	7.196000e-01	-1.80002e-11	
750	7.206000e-01	-1.80054e-11	

Index   time            v4#branch       
--------------------------------------------------------------------------------
751	7.216000e-01	-1.80099e-11	
752	7.226000e-01	-1.80135e-11	
753	7.236000e-01	-1.80153e-11	
754	7.246000e-01	-1.80128e-11	
755	7.256000e-01	-1.80015e-11	
756	7.266000e-01	-1.79700e-11	
757	7.276000e-01	-1.78919e-11	
758	7.286000e-01	-1.77028e-11	
759	7.296000e-01	-1.72032e-11	
760	7.306000e-01	-1.50181e-11	
761	7.316000e-01	-1.20250e-11	
762	7.326000e-01	-9.94004e-12	
763	7.336000e-01	-8.53940e-12	
764	7.346000e-01	-7.64181e-12	
765	7.356000e-01	-7.00749e-12	
766	7.366000e-01	-6.59879e-12	
767	7.376000e-01	-6.28185e-12	
768	7.386000e-01	-6.08701e-12	
769	7.396000e-01	-5.91904e-12	
770	7.406000e-01	-5.83077e-12	
771	7.416000e-01	-5.74101e-12	
772	7.426000e-01	-5.71179e-12	
773	7.436000e-01	-5.66773e-12	
774	7.446000e-01	-5.67528e-12	
775	7.456000e-01	-5.66258e-12	
776	7.466000e-01	-5.70067e-12	
777	7.476000e-01	-5.72172e-12	
778	7.486000e-01	-5.80031e-12	
779	7.496000e-01	-5.87231e-12	
780	7.506000e-01	-6.01385e-12	
781	7.516000e-01	-6.15864e-12	
782	7.526000e-01	-6.37658e-12	
783	7.536000e-01	-6.59318e-12	
784	7.546000e-01	-6.87037e-12	
785	7.556000e-01	-7.12984e-12	
786	7.566000e-01	-7.43456e-12	
787	7.576000e-01	-7.70993e-12	
788	7.586000e-01	-8.02331e-12	
789	7.596000e-01	-8.30361e-12	
790	7.606000e-01	-8.61980e-12	
791	7.616000e-01	-8.90068e-12	
792	7.626000e-01	-9.21540e-12	
793	7.636000e-01	-9.49250e-12	
794	7.646000e-01	-9.80049e-12	
795	7.656000e-01	-1.00680e-11	
796	7.666000e-01	-1.03633e-11	
797	7.676000e-01	-1.06156e-11	
798	7.686000e-01	-1.08931e-11	
799	7.696000e-01	-1.11244e-11	
800	7.706000e-01	-1.13780e-11	
801	7.716000e-01	-1.15818e-11	
802	7.726000e-01	-1.18038e-11	
803	7.736000e-01	-1.19714e-11	
804	7.746000e-01	-1.21533e-11	
805	7.756000e-01	-1.22788e-11	
806	7.766000e-01	-1.24199e-11	
807	7.776000e-01	-1.25090e-11	
808	7.786000e-01	-1.26191e-11	

Index   time            v4#branch       
--------------------------------------------------------------------------------
809	7.796000e-01	-1.26828e-11	
810	7.806000e-01	-1.27723e-11	
811	7.816000e-01	-1.28195e-11	
812	7.826000e-01	-1.28952e-11	
813	7.836000e-01	-1.29308e-11	
814	7.846000e-01	-1.29967e-11	
815	7.856000e-01	-1.30236e-11	
816	7.866000e-01	-1.30818e-11	
817	7.876000e-01	-1.31016e-11	
818	7.886000e-01	-1.31536e-11	
819	7.896000e-01	-1.31678e-11	
820	7.906000e-01	-1.32145e-11	
821	7.916000e-01	-1.32237e-11	
822	7.926000e-01	-1.32660e-11	
823	7.936000e-01	-1.32713e-11	
824	7.946000e-01	-1.33096e-11	
825	7.956000e-01	-1.33115e-11	
826	7.966000e-01	-1.33468e-11	
827	7.976000e-01	-1.33456e-11	
828	7.986000e-01	-1.33780e-11	
829	7.996000e-01	-1.33745e-11	
830	8.006000e-01	-1.34046e-11	
831	8.016000e-01	-1.33988e-11	
832	8.026000e-01	-1.34270e-11	
833	8.036000e-01	-1.34195e-11	
834	8.041000e-01	-1.34416e-11	
835	8.042000e-01	-1.34761e-11	
836	8.044000e-01	-1.34571e-11	
837	8.048000e-01	-1.34482e-11	
838	8.056000e-01	-1.34529e-11	
839	8.066000e-01	-1.34594e-11	
840	8.076000e-01	-1.34654e-11	
841	8.086000e-01	-1.34712e-11	
842	8.096000e-01	-1.34768e-11	
843	8.106000e-01	-1.34819e-11	
844	8.116000e-01	-1.34868e-11	
845	8.126000e-01	-1.34910e-11	
846	8.136000e-01	-1.34951e-11	
847	8.146000e-01	-1.34990e-11	
848	8.156000e-01	-1.35025e-11	
849	8.166000e-01	-1.35057e-11	
850	8.176000e-01	-1.35087e-11	
851	8.186000e-01	-1.35114e-11	
852	8.196000e-01	-1.35138e-11	
853	8.206000e-01	-1.35161e-11	
854	8.216000e-01	-1.35182e-11	
855	8.226000e-01	-1.35202e-11	
856	8.236000e-01	-1.35219e-11	
857	8.246000e-01	-1.35235e-11	
858	8.256000e-01	-1.35249e-11	
859	8.266000e-01	-1.35263e-11	
860	8.276000e-01	-1.35277e-11	
861	8.286000e-01	-1.35288e-11	
862	8.296000e-01	-1.35298e-11	
863	8.306000e-01	-1.35309e-11	
864	8.316000e-01	-1.35317e-11	
865	8.326000e-01	-1.35326e-11	
866	8.336000e-01	-1.35333e-11	

Index   time            v4#branch       
--------------------------------------------------------------------------------
867	8.346000e-01	-1.35340e-11	
868	8.356000e-01	-1.35347e-11	
869	8.366000e-01	-1.35353e-11	
870	8.376000e-01	-1.35359e-11	
871	8.386000e-01	-1.35363e-11	
872	8.396000e-01	-1.35368e-11	
873	8.406000e-01	-1.35372e-11	
874	8.416000e-01	-1.35375e-11	
875	8.426000e-01	-1.35379e-11	
876	8.436000e-01	-1.35381e-11	
877	8.446000e-01	-1.35385e-11	
878	8.456000e-01	-1.35388e-11	
879	8.466000e-01	-1.35390e-11	
880	8.476000e-01	-1.35393e-11	
881	8.486000e-01	-1.35395e-11	
882	8.496000e-01	-1.35397e-11	
883	8.506000e-01	-1.35399e-11	
884	8.516000e-01	-1.35400e-11	
885	8.526000e-01	-1.35402e-11	
886	8.536000e-01	-1.35403e-11	
887	8.546000e-01	-1.35405e-11	
888	8.556000e-01	-1.35405e-11	
889	8.566000e-01	-1.35406e-11	
890	8.576000e-01	-1.35408e-11	
891	8.586000e-01	-1.35408e-11	
892	8.596000e-01	-1.35409e-11	
893	8.606000e-01	-1.35410e-11	
894	8.616000e-01	-1.35410e-11	
895	8.626000e-01	-1.35411e-11	
896	8.636000e-01	-1.35412e-11	
897	8.646000e-01	-1.35413e-11	
898	8.656000e-01	-1.35413e-11	
899	8.666000e-01	-1.35413e-11	
900	8.676000e-01	-1.35413e-11	
901	8.686000e-01	-1.35413e-11	
902	8.696000e-01	-1.35413e-11	
903	8.706000e-01	-1.35415e-11	
904	8.716000e-01	-1.35414e-11	
905	8.726000e-01	-1.35415e-11	
906	8.736000e-01	-1.35414e-11	
907	8.746000e-01	-1.35415e-11	
908	8.756000e-01	-1.35415e-11	
909	8.766000e-01	-1.35415e-11	
910	8.776000e-01	-1.35415e-11	
911	8.786000e-01	-1.35415e-11	
912	8.796000e-01	-1.35414e-11	
913	8.806000e-01	-1.35415e-11	
914	8.816000e-01	-1.35413e-11	
915	8.826000e-01	-1.35412e-11	
916	8.836000e-01	-1.35412e-11	
917	8.846000e-01	-1.35411e-11	
918	8.856000e-01	-1.35409e-11	
919	8.866000e-01	-1.35405e-11	
920	8.876000e-01	-1.35404e-11	
921	8.886000e-01	-1.35398e-11	
922	8.896000e-01	-1.35394e-11	
923	8.906000e-01	-1.35386e-11	
924	8.916000e-01	-1.35377e-11	

Index   time            v4#branch       
--------------------------------------------------------------------------------
925	8.926000e-01	-1.35365e-11	
926	8.936000e-01	-1.35349e-11	
927	8.946000e-01	-1.35328e-11	
928	8.956000e-01	-1.35300e-11	
929	8.966000e-01	-1.35262e-11	
930	8.976000e-01	-1.35212e-11	
931	8.986000e-01	-1.35142e-11	
932	8.996000e-01	-1.35048e-11	
933	9.006000e-01	-1.34922e-11	
934	9.016000e-01	-1.34753e-11	
935	9.026000e-01	-1.34526e-11	
936	9.036000e-01	-1.34226e-11	
937	9.046000e-01	-1.33839e-11	
938	9.056000e-01	-1.33348e-11	
939	9.066000e-01	-1.32747e-11	
940	9.076000e-01	-1.32035e-11	
941	9.086000e-01	-1.31221e-11	
942	9.096000e-01	-1.30318e-11	
943	9.106000e-01	-1.29341e-11	
944	9.116000e-01	-1.28310e-11	
945	9.126000e-01	-1.27238e-11	
946	9.136000e-01	-1.26141e-11	
947	9.146000e-01	-1.25034e-11	
948	9.156000e-01	-1.23927e-11	
949	9.166000e-01	-1.22836e-11	
950	9.176000e-01	-1.21783e-11	
951	9.186000e-01	-1.20811e-11	
952	9.196000e-01	-1.20002e-11	
953	9.206000e-01	-1.19542e-11	
954	9.216000e-01	-1.19844e-11	
955	9.226000e-01	-1.21888e-11	
956	9.236000e-01	-1.28050e-11	
957	9.246000e-01	-1.44495e-11	
958	9.256000e-01	-1.90203e-11	
959	9.266000e-01	-3.21967e-11	
960	9.276000e-01	-3.18119e-10	
961	9.286000e-01	-3.20865e-11	
962	9.296000e-01	-1.22289e-10	
963	9.306000e-01	1.390044e-11	
964	9.316000e-01	-9.95652e-11	
965	9.326000e-01	2.704308e-11	
966	9.336000e-01	-9.11710e-11	
967	9.346000e-01	3.288690e-11	
968	9.356000e-01	-8.69485e-11	
969	9.366000e-01	3.603863e-11	
970	9.376000e-01	-8.45351e-11	
971	9.386000e-01	3.793392e-11	
972	9.396000e-01	-8.30144e-11	
973	9.406000e-01	3.917810e-11	
974	9.416000e-01	-8.19824e-11	
975	9.426000e-01	4.004441e-11	
976	9.436000e-01	-8.12493e-11	
977	9.446000e-01	4.066996e-11	
978	9.456000e-01	-8.07123e-11	
979	9.466000e-01	4.113332e-11	
980	9.476000e-01	-8.03107e-11	
981	9.486000e-01	4.148279e-11	
982	9.496000e-01	-8.00054e-11	

Index   time            v4#branch       
--------------------------------------------------------------------------------
983	9.506000e-01	4.174999e-11	
984	9.516000e-01	-7.97706e-11	
985	9.526000e-01	4.195631e-11	
986	9.536000e-01	-7.95886e-11	
987	9.546000e-01	4.211705e-11	
988	9.556000e-01	-7.94464e-11	
989	9.566000e-01	4.224275e-11	
990	9.576000e-01	-7.93346e-11	
991	9.586000e-01	4.234183e-11	
992	9.596000e-01	-7.92465e-11	
993	9.606000e-01	4.241996e-11	
994	9.616000e-01	-7.91768e-11	
995	9.626000e-01	4.248205e-11	
996	9.636000e-01	-7.91214e-11	
997	9.646000e-01	4.253112e-11	
998	9.656000e-01	-7.90773e-11	
999	9.666000e-01	4.257016e-11	
1000	9.676000e-01	-7.90422e-11	
1001	9.686000e-01	4.260130e-11	
1002	9.696000e-01	-7.90142e-11	
1003	9.706000e-01	4.262618e-11	
1004	9.716000e-01	-7.89917e-11	
1005	9.726000e-01	4.264592e-11	
1006	9.736000e-01	-7.89738e-11	
1007	9.746000e-01	4.266178e-11	
1008	9.756000e-01	-7.89595e-11	
1009	9.766000e-01	4.267442e-11	
1010	9.776000e-01	-7.89479e-11	
1011	9.786000e-01	4.268444e-11	
1012	9.796000e-01	-7.89388e-11	
1013	9.806000e-01	4.269250e-11	
1014	9.816000e-01	-7.89312e-11	
1015	9.826000e-01	4.269899e-11	
1016	9.836000e-01	-7.89252e-11	
1017	9.846000e-01	4.270410e-11	
1018	9.856000e-01	-7.89205e-11	
1019	9.866000e-01	4.270816e-11	
1020	9.876000e-01	-7.89166e-11	
1021	9.886000e-01	4.271147e-11	
1022	9.896000e-01	-7.89135e-11	
1023	9.906000e-01	4.271411e-11	
1024	9.916000e-01	-7.89109e-11	
1025	9.926000e-01	4.271600e-11	
1026	9.936000e-01	-7.89088e-11	
1027	9.946000e-01	4.271773e-11	
1028	9.956000e-01	-7.89072e-11	
1029	9.966000e-01	4.271899e-11	
1030	9.976000e-01	-7.89059e-11	
1031	9.986000e-01	4.272009e-11	
1032	9.996000e-01	-7.89047e-11	
1033	1.000000e+00	4.272038e-11	
